0.19906917237752286
0.19635710163020698
0.3036586420736026
0.2069435016523207
0.2775062845089202
0.26746078964425074
0.3054871616458393
0.24361104882493176
0.26032778586400745
0.20443112051306392
0.27589204883361473
0.2086087295419514
0.31361664849007753
0.23171790324358368
0.23880155302726738
0.25230586084837864
0.24440506367837758
0.22740266743008608
0.29440288164404504
0.2519335381998057
0.19788569667834346
0.18021177581982017
0.2139451915065581
0.28452859348806303
0.26666708269059247
0.27152344894355146
0.29828843042432773
0.20140486581402287
0.20219884408847938
0.22410539645258035
0.2275156965943914
0.23219245477498232
0.2710022245232747
0.23851029972279494
0.21583081027577827
0.20141645360708005
0.21111888086020905
0.2014963517759065
0.22620219483510837
0.27142226950039056
0.22103203697846469
0.2623882188136928
0.2130382143790227
0.20895756468382212
0.23451367063261208
0.2481518076581676
0.22287317835978507
0.2209564228308769
0.2510289313620727
0.2561073080607254
0.2462733511295725
0.2289067236117325
0.24219976828156345
0.28482989657584334
0.20471445388250953
0.24155992600951595
0.29287661944089405
0.19526640940723777
0.248062626095078
0.2538948150065474
0.22803675603821
0.22462054158178324
0.2179843026358358
0.2958489835969203
0.29424834664576477
0.3170284560160486
0.19457370182019276
0.28242921778554175
0.20399110413003912
0.19397937965807646
0.23998315786346197
0.2816551637286293
0.27841462076250495
0.2291829557523048
0.2710864119116531
0.205212296382802
0.19435374580897694
0.2386939095729275
0.26579303048288366
0.25757161081251134
0.2410045546858096
0.2026174094534241
0.2343341051793268
0.19796670221884138
0.25625038664752003
0.23189742767463148
0.27801608068720746
0.22084561744786257
0.2479857815646285
0.22478950267863004
0.25463319502160253
0.22317242354663178
0.3074817613423625
0.2351202362898007
0.2549953033150826
0.28534137156447104
0.24324308778773673
0.2551128685624651
0.28484371653505736
0.2786132332557973
