0.5056014439110302
0.5007339800998448
0.49312399707132915
0.5075684271721032
0.5027068841023616
0.4963791634970266
0.5146553807210746
0.512565069008969
0.46543741750387413
0.4887551805866471
0.5393761893309929
0.5011965675757631
0.541394349452655
0.478960033745027
0.5268605966916181
0.5015566339130756
0.5221938603306737
0.5401210767564087
0.4764879928152617
0.537572998665295
0.5304306245256357
0.46354906326862166
0.5033073674085331
0.46532342251537484
0.4867037788097711
0.5760638219749291
0.4844138610138294
0.4990034895915961
0.5474044177880584
0.5076683274920367
0.5162643076100191
0.49611283905477094
0.4894487993620292
0.5324378952522923
0.49567492461956575
0.5268927869770005
0.49370880592158806
0.4876592489830104
0.49541581349171265
0.545773516443193
0.46950135651118063
0.47374919486328626
0.5199805931142257
0.5515995980430349
0.507556541144385
0.4946306602067204
0.49734508368687397
0.5565754168930076
0.4635075258517734
0.4489244058334361
0.5208111641085875
0.4855898253250634
0.5230721393671595
0.4796725328098845
0.5344601923938708
0.5403976169068895
0.5086535790509036
0.4668891523589919
0.5444829316565031
0.5272554093319568
0.47353486456105
0.5315897619517097
0.5485101434010751
0.487542642529279
