0.9277575326267482
0.9896268528900101
1.034680156898121
1.0263631540749951
1.0572180896340422
0.9725914547716142
1.024132700565526
1.0445787574664522
1.0057781406881743
1.0433321575468526
0.9927254986570357
1.1088141845796864
0.9259272924869378
1.0909139706665023
1.0132862646658711
1.0380396285505926
0.9456926329607701
1.0204114284699546
1.0091153756121987
0.9679684301044978
0.9012784413467878
0.921045488614999
0.8996175116940187
0.9387854025367706
0.9380249387426792
0.9485586957297094
1.0430857080344855
0.9223776265280768
0.9950076103279573
0.9877415797433076
0.9853675390700812
0.9656457580747797
0.9164516115582
0.9357838228574498
1.0307657505687147
1.1465749210059957
1.0503400879603895
1.0039709717023548
1.1739511137898457
1.1383810925639992
1.0278736396712915
1.1053586303117913
0.9883145128530131
1.037204623921185
0.9222014508797076
0.9289422134999396
1.3605776498793867
0.9059826120470906
