0.8487111416224862
0.9680010314217738
1.0777010709265438
1.0267820945293071
1.0635787389248434
0.9625777000205356
1.0058571253505943
1.0546817352416669
0.9464877452607924
1.083682761274713
0.9778854072791594
1.142422147328742
0.9051761442985845
1.1046245408751112
1.0178532362607398
1.0332514177392564
0.9159091644779506
1.0022994977073023
1.0619136139062455
0.9199071493132955
0.8101497349353088
0.8672221089381733
0.850924642570562
0.9015579799497551
0.8681071431601487
0.9057478063733079
1.048656572153238
0.8415139625106576
0.9660713983348089
0.9535817629500118
0.9405491778984137
0.9048040577332339
0.8705468131712356
0.8917568772905002
1.0541439648746564
1.2274339623427906
1.0706966168741496
0.9935791268756703
1.2103002394562767
1.3235591558475233
1.0795514526055867
1.2055490779801603
0.9196993251444464
1.0325299814335576
0.8386220178271404
0.8736959090927502
1.611716501284806
0.8038347616011984
