0.5020093202589555
0.4992406979315066
0.4980996431330767
0.5013208604012555
0.5067635909056983
0.5014124479691898
0.5109682866745666
0.50080783878162
0.5227414266601743
0.49667867002077
0.5010042433792794
0.5213731159543119
0.4940183399595321
0.5178419769273984
0.49387148711488943
0.5122074268015085
0.5021489202379894
0.509841018634142
0.4802431047654948
0.5110432102535809
0.5026655116210271
0.49912316861276124
0.4825091052779356
0.505290541468689
0.5172231337656675
0.5003830393785594
0.5106871532161505
0.5114281980643017
0.5020858328822332
0.5070345567926514
0.508461329899592
0.509716765946911
0.4931857063414964
0.4944639974159115
0.5048290083665712
0.5119817796984696
0.5111794842007994
0.5013901512396682
0.5217770516567437
0.48556102568008036
0.4954423348010767
0.49318705166959576
0.5039023261334581
0.5090389156897158
0.5053281792380141
0.5007219299383449
0.5118874796377917
0.5091754008594813
