1.8480882628796127
1.9822639800607402
2.077255366797536
2.047317865954147
2.086215562062302
1.9397034491480691
2.0042979716621665
2.085787554778962
1.9240452150772704
2.1006180062115867
1.9814712385689406
2.126719139612968
1.874277162590332
2.106654190414248
2.051720520626351
2.02660011205354
1.8832911808564017
2.0014306247928513
2.101259477957429
1.8941029069228597
1.7929983667275855
1.8453270585994
1.8644570679672867
1.857912083230522
1.813578855054963
1.8956651626477043
2.0425140939329545
1.8035329886368652
1.9817480302443458
1.94807546450377
1.9379399791615732
1.8944751724634374
1.8582282490636939
1.8925216552628568
2.0418116500552705
2.23948383804062
2.0547383461653155
2.0023747359617543
2.249909439409653
2.3444655405972386
2.0746584768215044
2.24125638856454
1.961321592691475
2.037574322811524
1.8249555215192987
1.8552057698258244
2.6579623530587675
1.7793133967544463
