64.08924620060864
43.47826814639558
34.546081464122125
40.3305573199771
42.67125943538922
27.47755160240441
28.99340606338782
37.5112172104485
41.48180594238905
64.29444330448212
26.28050058430298
32.146158989521574
42.44797813992634
100.16056708853564
50.3627213924104
32.52082695400213
102.851210158089
23.925930796743373
51.805385485304335
27.001841993461447
24.483404050887945
26.209978640619823
43.8145812022244
58.72918273877807
50.120074060124075
66.6670526073271
28.06841581625678
26.316599271503787
36.1910519501521
48.90430225370153
35.079326172765484
42.538702021868104
35.7498763795556
57.35608135153209
76.21097672030754
25.54457138207515
28.385272648061743
55.85960479813679
49.13925359784591
32.85082706361603
53.806475487214065
35.88035826157294
41.088132031096244
29.043072427495435
34.67371152001658
29.688170172591054
33.22451806935668
29.712051849018426
40.7956541091812
30.34309262506452
23.07759560441136
21.117853525644982
43.67657202420299
29.081638749625643
76.48048817271342
82.0345741529509
34.92247758920969
43.3717998182582
51.88525994057837
29.939322750821646
16.696171366994744
61.33908193132322
59.046973390399586
53.61176005227002
