0.837820337663712
0.8006929649194745
0.8324009367370764
0.8183978467287025
0.8654643417135955
0.8378509197373973
0.869126775355895
0.8802515788690973
0.8752333474394978
0.9038892189476937
0.8457958822085583
0.864872352328712
0.8453920242934638
0.9745896476566278
0.8454201576187695
0.8393506968900901
0.9651043848570173
0.8134044602320543
0.9158766018048039
0.8800719568627153
0.8004407966719644
0.8226506038564254
0.8770922411761033
0.8827839517957153
0.8922450146507119
0.8829788969997494
0.8363945288867527
0.8654991542360764
0.867913484032855
0.8743099457839986
0.8236366273923582
0.8803787404664227
0.8263463629673766
0.8895340137902606
0.9343823316918668
0.8062867809038324
0.8652781339037762
0.8326306682490145
0.9339197152029972
0.8789075980551938
0.856371016215961
0.8577568187775868
0.8072702375776015
0.8043873619286509
0.8298244122907187
0.8425798630851843
0.8263427699281105
0.8292507476927936
0.8855214158399364
0.8690179352966877
0.8306554369674715
0.8149120141371428
0.8463412991016939
0.8448357324321562
0.9003259389321212
0.9283273102142456
0.8518747960645744
0.8988058076093337
0.9323820116909997
0.8239457883058882
0.7306966597738351
0.939672306036718
0.8462668280562169
0.8557800347353821
