449.91841309327157
166.62181282345702
160.5396528565967
271.45917029596677
273.45512709470177
237.05767394838597
187.90259518640946
193.8409619232089
111.26995108807823
359.4812808285996
72.61484411839355
57.57466926727183
183.4474647037795
258.3049780059937
399.09576874080517
301.40319018187853
270.0127331418103
212.41256523759145
440.22665521941514
377.4125676868506
254.07151314694698
249.1822338904123
380.01645753770333
548.1516221979479
453.557475642838
172.99774207352763
159.45850294240785
357.31039071815746
441.5003043419614
474.2707206138577
338.5478688469935
334.06168824009217
447.8163841427231
219.68688887334295
83.81712049902504
327.84833209749377
278.20686881083043
382.4674788232737
202.78129252020628
217.1900999833924
374.6849111597344
351.3874410750201
292.14596026924477
385.478302329053
184.60435878481107
264.1707727734171
235.9933072165386
242.71175738700745
107.94571230813209
320.32964622157215
451.62612385543656
265.2047077987688
241.32885933651403
273.4374777253917
146.01340659918992
112.49502685181355
113.05674250342878
356.75323217707603
458.9345081344803
132.37256517589228
167.18576761485775
362.7172099034529
279.21470375128894
128.82193415740971
169.8561951773989
431.6914583431112
46.8770281405605
249.20639805700708
230.0886624324719
413.5643230059645
332.41852925143786
122.49273493188423
339.9086994523702
348.61843169960747
204.50281036833002
464.742301006304
170.99144131223312
176.71783561296445
346.3080217642554
155.50558864362137
132.9758229266962
343.2056529007332
472.7659522517029
115.83004769343106
294.26919790241436
410.15890591981565
272.69714392311255
266.6523312698242
204.7029868299474
195.11508755665818
225.06801758734292
407.34102861710164
365.73363427240713
358.9352748958152
209.88838087282403
243.5053285425626
174.82365884015798
77.2799724650685
222.20261981742814
345.53800420594035
397.6230801029328
135.98473898581761
254.98720204147187
114.8746285085349
243.05788952352964
296.36905965983345
142.68062719125402
193.6113966158716
230.40360650660733
283.57684625151774
226.74237231918497
453.4421827009157
477.096696817139
286.4923407199052
581.4864547267368
234.52181305713293
144.88974334025298
196.97845751160443
123.62412684192176
414.04445712389617
200.90017943632785
239.90424435724594
322.81379163354717
123.32306148706242
323.608462334821
253.00181678404107
218.41398670078638
183.43635216669952
401.67485029349115
275.4415991958455
389.2548079953297
25.271665886363365
300.32519314758457
150.19666163158564
328.09084819382576
162.90064164890924
488.78841156478643
190.5632138328886
204.21692320331593
167.29214882720865
401.3160308861052
55.21497838758893
241.9826515906643
277.9822232880787
125.32695249109584
223.82667284380432
128.205945712354
437.9532360705289
230.70838814617295
279.2433802299676
220.0251603057051
151.25464509392506
261.56065660849737
167.2153303635894
305.71494967192007
311.8170002150508
268.02799561667894
280.31551439606
203.4370685114206
224.49247769359079
360.7867094389697
148.21060488227
185.41981746605788
248.40907260042994
94.40256443313937
462.5356535046814
299.1873326021845
284.7157625614615
361.24900557049705
417.95515937912796
485.88600528197395
359.97541568318627
152.79597088067308
249.4200392476533
161.91981660277918
491.9324808050172
249.52429420540545
337.38079928145834
333.37600514263164
122.49449154928897
197.48504348665693
280.36985821846554
376.6231671586814
99.03992437293009
119.48366940999354
186.79711309172635
197.20056052509568
108.41849105529154
185.35033600493705
305.0406901416503
197.12150958631696
129.69707661251175
425.154018316935
330.52001059435196
193.53388521290103
105.20385565482604
609.5358750812005
209.74426240497885
477.99954939141475
286.8747896305492
321.42773992013525
364.72915058279176
298.9298199438168
472.9761382243998
424.0078330301514
241.59518683948005
170.3453604481905
219.87244946227196
344.10215865138076
362.8085584897067
609.9696739190778
187.10023051101157
191.13197181382313
276.05335952599967
143.8362994950852
300.2571375885355
121.02394519486833
301.81660556213984
205.83875042424054
62.234383894051156
278.54555724612754
264.2126320317055
256.02092125337765
214.55475319205556
394.7773141993759
332.5566258973387
355.1182728108121
370.62244608690827
226.48421501079392
234.52660496051215
303.0392375381277
8.083034260398714
26.416363486033987
149.8488698640893
234.0526602592429
230.09712317957965
268.89519459899793
364.39031870567504
384.80348848681695
374.9757419278961
404.2767020949366
249.43971284203616
303.1155881978615
250.53689290913067
261.08547458158705
117.01073772147974
371.39601516538295
195.92800778476598
552.8364108789061
317.16444725032653
216.40948042605984
417.7392310431035
499.0956768129178
101.18953445316446
239.1235507554027
233.98598150994272
