0.9751831117280474
0.9416693944702886
0.8663361467909628
0.8886583168853242
0.9668689103079132
0.9138476072248339
0.9024383490018328
0.8808007547349749
0.9075108969169752
0.9155941456208029
0.8637426440697368
0.8715500886096567
0.9030669062203724
0.9277641585214946
0.9376567732004345
0.9071257184922883
0.9148209157644108
0.8926063189017164
0.9639553558393432
0.9298738172098621
0.9237206934804858
0.9556345525991387
0.9392005901112473
0.956848572931963
0.9435938724209576
0.9436962728878766
0.8218990167623258
0.9420207175142971
0.9727495351664917
0.9665036053107823
0.9352480349790421
0.960478691942967
0.953770135770456
0.8925549905834609
0.8449157338500439
0.9182794204450943
0.9290561060000322
0.9222423911783666
0.9179766110127675
0.8508204429347966
0.8900193667858256
0.9326553690544943
0.9380357023982969
0.9391151557681587
0.9487013038106163
0.8974831390979233
0.9797324040246151
0.8625435754193874
0.9271976837908094
0.9334746923195184
0.9636248899766702
0.9222343472271335
0.8670853604210712
0.9498060801079224
0.9411977421100265
0.9181482032132228
0.7906611757734807
0.9309134444165917
0.9546599187078562
0.8743496479120627
0.892449026631748
0.9338146178497987
0.9257054734468237
0.7844267194276611
0.8516620755766856
0.9053735602431824
0.8051237452055494
0.9361277140555725
0.9559725489677258
0.9552456942984988
0.9679174461583879
0.784822067868346
0.9529564840070502
0.9381342102610637
0.8908751419420652
0.9714113431154676
0.8286271345255072
0.8227728169989417
0.9576185200201627
0.8098954219732737
0.9493108593759916
0.8414935118057497
0.9495465536999865
0.9629036292024731
0.9307507260184267
0.9458429814615948
0.9025606654134785
0.9231590017582179
0.943164442142835
0.891393842925086
0.9152675287591361
0.920829842375093
0.9610367514845971
0.8597939113564279
0.8823127347257796
0.9368979671265673
0.9258774276344781
0.8344099276377287
0.9531654056642012
0.8940204464345592
0.8996973064046193
0.9180203085492755
0.8926065561267218
0.8591387881209834
0.86454331916884
0.9769990630177967
0.9168150799093806
0.8664060454274398
0.9238404196458534
0.9419714979216913
0.9561512982643714
0.9744969952108868
0.9506789841652538
0.9646590086984544
0.9600240046063797
0.9650137683216826
0.913017886033298
0.9615498244750703
0.8766671180364
0.9499178025388818
0.8686305230032385
0.9636434242140246
0.9054592026930777
0.8499976491418461
0.927033173092884
0.9333038786214514
0.9227926872724597
0.9319354867002931
0.9362785081754889
0.8840697981330086
0.9378686301692156
0.8658525910812308
0.9427777085862756
0.8841668796699886
0.9024894829277371
0.9348147344008628
0.9878947144973358
0.9240474768110628
0.8689632139143738
0.9216163698337536
0.9159383432898263
0.7594086141717957
0.932796475606416
0.9221116069553438
0.8709728142947417
0.8639144336888399
0.7930124441057518
0.9012626362118505
0.93216332045032
0.9025106611138163
0.9338421025129036
0.8750733694097264
0.9315591876151422
0.9306700081441126
0.8655367768533815
0.9446663122768608
0.9557058236407928
0.9030080977503636
0.8917562935147751
0.9129789796621963
0.9091398159924842
0.8803229681326991
0.7909323079355279
0.8810330866365781
0.8604933033693235
0.9574253128415797
0.8915527935883297
0.9594501602137179
0.9288216177537749
0.9112851489799655
0.9646717251676856
0.9208720810703924
0.7681765824626188
0.9557199251574406
0.918980989306086
0.966554622252924
0.8887242675235443
0.9323263839210167
0.8697843903309942
0.8849950188164617
0.9322594638294399
0.8821809486966439
0.9243938587587806
0.9287617671661619
0.8497846982301999
0.8941516869409114
0.864151651726619
0.7986736945038654
0.9265216529863575
0.9212809028382866
0.9020549015935914
0.8083793834286976
0.9517640221282258
0.9331201272128105
0.8401061933750892
0.7633210696902804
0.95529401628506
0.9029321578505966
0.949655843028574
0.9437268697465906
0.9430451771373436
0.9638890400622513
0.8982430666051217
0.9334973423630731
0.9509208583731187
0.8999579897166972
0.8606947721253195
0.8740071304664218
0.9403185448608493
0.9041382811619854
0.979389889762438
0.916876766815994
0.8428378017586325
0.9618485439914425
0.956597657762762
0.9365533845843389
0.8706967097734111
0.9003781066197721
0.8143860125498756
0.8809592760367735
0.9521312653320233
0.897209470901089
0.9199696550364443
0.8775842900392564
0.931143572302938
0.9496488174273222
0.9817425584808356
0.9672710071870165
0.9700748171267951
0.8859297039477422
0.939182890716768
0.7032357343458119
0.7828677114826281
0.7824347860330408
0.8834665096425895
0.8870486199789618
0.9460889500851897
0.9810155333638044
0.9505202500707066
0.9176018186539527
0.979657142373522
0.8726262771627178
0.9350879547269646
0.9181478059682653
0.9410514367742994
0.8173754346440569
0.9562258435541435
0.9011696442222961
0.9713675101985215
0.9119229067804145
0.9453059480891255
0.9505924047640194
0.9356706548149782
0.8590851997459094
0.8979659203285123
0.8819236001835467
