9.224135300231488
4.720151400970104
4.080690533849721
5.771017298887778
6.125782499827668
5.499141818057184
4.613196104924698
4.571195332557323
3.4284871710953784
6.9812270500451525
2.7812911744241355
2.5903430377800674
4.641047942982471
6.049575220270527
8.238297749387034
6.3791509099009085
5.9181321021105235
4.916012255101036
8.288148738777922
7.980372573890793
5.718469497125947
5.520569034894272
8.04743117684443
9.688437548853699
9.00954189345178
4.557229556476574
3.631063692946505
7.264357853391011
9.273796806516089
9.243014618573667
7.090802744800447
7.534795504008982
8.556795009289477
5.1370797539017286
2.8525161632387737
6.894605789234323
6.340845355019602
7.4561175197988
4.928539121294528
4.829783862329207
7.101495009460621
7.191354709852337
6.356421370374007
7.772894143914255
4.829711414538592
5.793299786351404
5.598167420995095
5.159523665260538
3.69519705850379
6.7161471551214795
8.915218400982464
5.956208501558322
5.002184749919408
6.259983329132258
4.093829846045971
3.6188816675973094
3.3122463663181536
7.044364944333253
8.891006057950618
3.4886559291535675
4.364768268062345
7.300621715464657
6.261666264682395
3.342378753019714
4.258060023964838
8.262360422161052
2.2578757790819823
5.567122240518734
5.0548081896864305
7.788344842013605
7.149206509355228
3.2033854366134444
6.89571778528161
7.060250912362451
5.126016021189687
9.029345384323308
4.063281054505448
4.090216430729994
7.387851745367297
3.7329843214346963
4.083187334077199
6.394484181904873
9.532448773955858
3.8520538627767595
6.842205183083535
8.233159922568191
5.476954249099663
5.520837527268433
4.931014988712352
4.957394325322259
5.26444768055056
7.944396511356999
7.871978124859235
7.032335229472199
4.790319761831603
5.417186018459898
4.572008349583499
2.768616217416511
5.401341158193193
7.066353102378784
7.2160463533734855
3.9199606302072665
5.365533188430336
3.489955391569746
5.2035952074853755
6.380283956279742
4.05907900383772
4.89112823486784
5.354055142745645
6.147887786249189
5.722342637505751
8.9344047881663
9.068003936104017
6.631458272839853
10.963914367217674
5.639526132779145
3.9878965086014393
5.057359760604293
3.7435191000659898
8.347678095895327
4.961430936180777
6.146632510336452
6.46671541675644
3.654004110986644
6.727307470801607
5.9023797045262665
5.130766101706641
4.836859063460894
8.388579080911734
5.586671892554933
7.830811863285916
2.0874838902195436
6.429586609068193
4.082881238881285
6.620773221652798
4.502403980440311
9.438180706926259
4.65815204132787
4.392417368629184
4.4341608578092995
7.951808841710883
2.1994135718765246
5.4742716370225315
6.00824754710932
3.543574191716079
4.9047784614601015
3.1964657318748433
7.691743492874087
5.28970335935142
5.932800854536565
5.522365578683764
4.026739727202525
6.011838248012327
4.366617832602897
5.647005548517189
6.4351010063591785
5.882267191987221
5.661348017293514
4.776151743473227
5.216911429881291
6.985132704824596
4.042956107821665
3.709622753477988
5.665703173008954
3.0871035157246958
9.336743732009532
5.988113277358981
6.207776332756058
7.314272561230328
8.417603129472639
9.869793335303925
6.958987062696104
3.5947300203183583
5.707089637968839
4.359204855396924
9.751529165961813
5.410962539643363
6.587449380896846
6.195158369399384
3.5314220818942403
4.994045739048238
6.1027966122714385
7.672261796383348
3.480786603940282
3.341127076991132
4.789078082062696
4.889303536083814
3.2165444292624206
4.543658383485825
6.504891682695283
4.71914749096985
3.336700871388876
8.363586630084574
6.419754931334987
4.714258217864577
2.899840806235167
10.691787442787719
4.803329765700119
9.179913125137656
6.1406575408024064
6.634439044513991
8.339872126989052
5.867587598784262
9.012685205208147
8.881142993422205
5.871466610719328
3.9175995073533714
5.092484199911125
7.334984704487753
6.972069475747153
11.794318190575748
4.813740682276138
4.39526411094754
6.151733622499519
4.165781512476148
6.699438796898793
3.4745471700553385
6.2735359812335965
4.310594208074422
2.643656571299884
6.288765844805561
5.784569393544611
5.406254261018634
4.720221593660405
8.18438461798929
6.9035967075929525
7.987601904527173
8.333265730619091
5.703104120678065
4.967723014873252
6.32462803077629
1.493664435345688
1.9228094916613079
3.7510892158397393
5.1406286198307685
5.067159909347594
6.100551421153078
8.351246655870975
7.493166265106437
7.65097074112819
8.278722532595145
5.318156875990298
6.540983510420049
5.649693321565439
6.065396325410386
3.097900852349647
8.037094991973099
4.746132244894921
10.84010813058446
6.259349975582635
4.965538093059229
9.13028560618451
9.570960946950871
3.339255314646534
5.0529846981400715
5.195493534045726
