7.273769076775391
2.836812612029527
2.3480182402677947
3.99370066511713
4.192044679211843
3.671446603607515
2.808319406921032
2.809593823087374
1.6134653772614278
5.150038758803547
1.053805886284662
0.8472428605607543
2.8349141305417263
4.194046903227537
6.362984202986164
4.564899472916332
4.088490270581702
3.1307996172976025
6.3602380270992365
6.120624939471069
3.8710281101649753
3.6092999296959953
6.169029996621935
7.774740402989773
7.122354148609865
2.66983701070082
1.9872656594218534
5.380316418362416
7.328297736183106
7.310007407952102
5.220306674842362
5.613838120123049
6.649254737748565
3.3519697727348072
1.1626846955386856
5.058046948344135
4.482733143019538
5.611632737442068
3.092585899268993
3.128142976459614
5.321456275888969
5.326043971743349
4.480349965577414
5.894663832377937
2.932308806917359
3.9983335081555564
3.6387026129458655
3.434436514421764
1.8408016909221714
4.8491977704824425
6.987968621029124
4.111739807104056
3.2680140290772655
4.360371168916413
2.211434361825918
1.7825852611708637
1.730924014771192
5.18253805550007
6.981686220534905
1.7399566333294423
2.57987021479885
5.432992479765058
4.410255317788747
1.773525314164392
2.554735872811466
6.451613301674687
0.6476282886708833
3.69486681240759
3.142863091750979
5.877853453416607
5.213371617038453
1.6337413008767525
4.98980481726751
5.1839824918403234
3.344265737305556
7.086522698092375
2.4060267854544337
2.4446707967321104
5.472614705326971
2.113193477488149
2.184565615325217
4.711497158293373
7.633355666555885
1.9262466043718138
4.980703731046681
6.341473959645
3.671832918272706
3.674519523751997
3.0446861044266824
3.174606639472087
3.4339126230322874
6.1027368266068125
5.949904621890041
5.312747406759343
3.025694292380044
3.543390084206764
2.7202534943145436
1.0997963621410543
3.4950103468647904
5.278312209509664
5.416651740564247
2.083920013108716
3.5803200761768927
1.771677815327779
3.474508569147696
4.426285830244149
2.225448844018959
3.1583161440129603
3.5063743034539385
4.263944790405805
3.810040040977008
6.9854107977445254
7.166645967773509
4.702140255442945
9.043866358004916
3.709498596135781
2.161860736534843
3.134260111654152
1.9901848639931894
6.447842490817562
3.2241698901743003
4.219345661908402
4.655797011370284
1.9540088127029518
4.873241124615839
4.035771947283363
3.2851807271617215
2.972988090060308
6.516022064560757
3.8185322962889154
5.955074602947485
0.3557787080570821
4.544031191895641
2.314547479541308
4.815794255797324
2.6327745116385857
7.462391277931587
2.8100570877057445
2.6544909408004367
2.5909281181417927
6.119932155131231
0.6805963435329331
3.6086786858097
4.164024333198633
1.8016285631265958
3.1769495940824224
1.6104408436633395
5.8892182204503865
3.4253767184507793
4.127779532308932
3.6546813736579566
2.276592988383072
4.148719872782042
2.5052778163146714
3.915931994810426
4.545768381805456
3.970855544705636
3.8553318217927863
2.9926391564436763
3.3909534705568984
5.166853072839628
2.282310171556267
2.1277581376069317
3.903636999735799
1.366116908986049
7.421893106326373
4.205007690182322
4.288876012328622
5.456629325722778
6.595032831512709
7.940449884968554
5.117242900555318
2.058376855393121
3.795649787653958
2.5212428767847523
7.818419921455965
3.633514004596275
4.722796613054812
4.455589588737396
1.7614320442613167
3.1295268113893573
4.338434714878151
5.823474078865787
1.6232630696079582
1.6415576805307328
3.0007747081808738
3.161000232630575
1.6191970402546896
2.69061507751311
4.66232987701871
2.915037687782667
1.7199421045314804
6.460058585828123
4.553514676909367
3.034045831114399
1.3731986668546063
8.7811994102176
2.9974654499989257
7.280601439080508
4.253203801309225
4.748348690239304
6.412094046864549
4.071101465574018
7.145690520482001
6.979301276675968
4.071550631285934
2.1962099631027323
3.3444699389782815
5.454347614766055
5.163792913423182
9.835538411050871
2.9799871486441503
2.7095885074302752
4.228036534516634
2.252586196950624
4.826332027730115
1.7331537505085164
4.472779767994052
2.6818221829746705
0.881738019226337
4.384503314141514
3.990150451742434
3.5663149509457446
2.9650530135818927
6.322097473383414
5.004299072738308
6.024116787565502
6.398723716245059
3.762954486424474
3.1958636069777677
4.446262249342754
0.08719296665406427
0.3570740686960515
2.1862196437736574
3.3736956005455894
3.2930626693896707
4.208373520982698
6.389215589143367
5.592125764965023
5.815767103820285
6.319408247848101
3.5729043216648626
4.6708076009661195
3.8133977096289096
4.183293451861787
1.463149983061533
6.124643304864812
2.9437929564503285
8.897373110187417
4.435504162021806
3.0749261968809782
7.229100796656471
7.699619637320914
1.6210849151547155
3.2570528574830475
3.431646333678633
