570.5581621622783
277.24079479051363
279.00662374953174
392.2666466726297
399.59655972937287
355.06815401319477
308.66557346821094
315.37829173759496
236.4399045744596
487.3012727167379
191.65106943055787
176.02761927112536
300.32249285311957
372.58414850226245
516.7182046223309
421.1914076757167
390.84623375116746
333.53229254154076
573.6678378524921
492.08911410116986
375.326697887898
381.13422305057895
495.72725206028986
683.0752518663421
573.7351713534147
295.2953383376171
291.3571106211475
482.43083511836994
558.7087560957772
599.6835514867754
459.85347359675825
448.37176504796065
576.2860879966803
336.68235262997246
205.63588038701045
446.8888943805049
393.5248152303438
508.1805248194805
323.1650035941579
335.33673104183913
500.0178313551114
474.4519089148021
414.47718133432426
508.3041415053502
304.0558950316951
382.76458888355967
363.0772240996459
364.62373108855616
216.68856594719995
443.65710453546683
576.1825428986272
384.17181274825305
369.3899503330484
392.5615471277185
270.30150755415644
228.37964569643847
216.3421278745445
484.9168371969213
584.4418329808054
265.41025535474154
282.8542029638001
487.40379248756324
396.42813513103766
242.77730473415738
283.1047554484416
552.8524809559267
163.43094995299668
375.4837593722947
370.06195346857595
547.9860271188114
455.8525437526166
240.1796679567143
469.74071131487904
474.7958937646301
313.457351977947
592.1548450865295
288.7691392992329
295.66933748028737
467.50455875056707
274.70268599926027
248.54606888607788
465.80164327405055
590.3848083032102
231.63367641009106
404.2501501462752
532.5108780061101
406.75864462526397
400.6358348872983
331.5262925873036
304.68733222298727
345.04628778455066
530.2667866275283
483.88123028484813
475.11258968169284
332.29809806166605
372.27446875823034
293.8311556597588
194.54381957743632
343.4016030753285
462.58983006184167
529.7122123814099
255.79428182477335
382.1284874170879
226.28681448142473
364.0154697838033
427.2021349287893
260.2405081756544
299.8364081997358
351.8145832601782
408.8698881504158
340.5469577476038
579.9567306174343
603.6735655834433
404.0419680746637
704.9382910969232
356.54195820971677
267.27221223550856
317.83926325098025
232.53582540727152
536.0412960431627
309.15007561396874
349.48623457102303
448.3754162821327
230.614606609601
446.7280749321177
370.0191210258063
341.11702587248067
298.439063887305
517.107095880816
402.98253906699017
511.862801312716
148.27811283279578
424.94577142679856
264.9481755456281
451.06061152344506
278.58234502576096
618.2030912051824
315.8912419969392
337.92014380571726
286.3067844122337
521.4417875604734
178.4325966345068
367.08138396008314
401.09900364766264
246.50217223641357
345.5579673374215
254.4681561602367
571.9984941347647
356.27583069441545
401.35267687742396
332.46656753019613
267.5327084953414
379.02302584718126
291.4508876801242
440.85903926571154
441.4157791046135
397.045993590019
411.6282994558906
324.6787396221088
345.3770106169356
487.75202391872193
262.5449326390755
323.2686843775522
360.53866456633193
213.32763443450494
581.8699894787815
426.05573420368205
412.1013914393868
484.23184561213276
533.4591574371306
603.9449308442385
489.5339754843567
266.84144940190953
375.0247259697495
279.9578165273582
613.5630961812994
371.5870110775636
470.585358516122
463.5339739631554
245.58412785602258
315.14327864551774
394.39114182146477
496.19033207532306
212.3727499670233
243.18982382325893
298.11833512902683
305.02161560762625
215.37396917306742
313.0022629803847
425.593362230059
319.1195370403774
251.6133231516206
550.4303739787873
465.9823495634725
300.7102593651551
222.16336278561212
742.156932177026
336.10758008737423
602.6966829573229
414.18185502154364
449.1019693013661
474.3839461202577
430.8408717496411
596.5532695787659
539.5488812119798
348.3975028920342
303.8620675543065
334.7905633215047
462.7471970536211
489.8582337820815
731.4471379340258
302.2335152297159
310.0380348766116
401.653750987321
266.00118480293713
416.7873874090824
242.6232561089195
423.32898844627175
330.8524073702123
186.59322197161043
399.52251398280976
383.03224981681075
388.1076728988667
341.56083361767116
511.06604911856084
458.77290590804495
470.8646084171223
482.6736496112799
343.25768875400945
364.5534842346382
431.0610460374959
138.46691158403806
142.24957480560676
257.1088780369373
356.63496246715783
354.05913427328534
389.79642690297555
476.2890511463446
515.6172517952525
493.3018084989364
529.6215265371244
371.2832487430798
424.4820668150376
371.17990790743215
378.5502729770021
247.7447071850792
487.3663501601014
315.8850670485295
673.5478436427319
447.58007266688963
349.4683936950276
527.6006789247539
620.3975594345785
208.43922952493156
370.97575501605434
354.25347946304294
