1.4588603331464691
1.3489590199402899
1.5549943799504669
1.5510081562405473
1.594403744665262
1.5211356569101306
1.4956159431491116
1.5154056406353023
1.3978185289819292
1.5923823782792104
1.6023966912210272
1.4924927681925342
1.694145612367241
1.8494184751534652
1.703511317894205
1.7825104803174967
1.514726646885477
1.5773249721646794
1.3920887791821779
1.4707665837870225
1.2892933290879256
1.4336973242818492
1.43197781084248
1.3265649886823492
1.5274716870249907
1.5614032423629145
1.3600907515893026
1.7150650807738541
1.4850002570344027
1.3984727395465903
1.4865686630150279
1.772712379844595
1.9844263993394298
1.4851679868249152
1.3509932901799446
1.7178233518359514
1.9600915139814084
1.505807081579161
1.5418071878370578
1.5339740558575559
1.4771578918782295
2.0064134102932
1.4955569348587772
1.3711420847269258
1.4169988841837553
1.5885441249426482
1.4213934521393257
1.7352518356922775
1.2744002686007605
1.3835927675413833
1.9710524947783206
1.538395505664311
1.620105240781183
1.6669729522823735
1.490209115914264
1.7527753804248913
1.5191981975321498
1.4932128750827538
1.454765998677623
1.3172662261887023
1.625534935444358
1.771193823107836
1.3949806833165643
1.7263859968019846
1.992635325112962
1.8265263357387735
1.5208680228604212
1.5272905031737622
1.3313344133116665
1.3933236972591667
1.5413185892449401
1.5995791351370485
1.4578988019246555
1.7982601695831613
1.4779769286598459
1.527010759640881
1.720106354536162
1.754761063477578
1.386189480495677
1.6032479714488481
1.4595183428781846
1.411717136035146
1.6047242913191024
1.3510329406551562
1.4786488834476714
1.6585785288978754
1.861508681131858
1.6193809872775122
1.59154962759414
1.669354917249152
1.7247476663901933
1.4802930133514747
1.4257488594023224
1.4163975700987859
1.4845960366496083
1.3890505966586562
1.5217759999913836
1.6291720400290581
1.6020578548911835
1.5325734402964013
1.5863225307150328
1.81863392312164
1.3485432031389766
1.4729108883216901
1.50438711412206
1.4967838319484328
1.5539131845789569
1.4459325531865168
1.6713923518380096
1.787045318726725
1.4650324601100786
1.426822809574621
1.4489291325982327
1.6216932001626174
1.8232154163593355
1.477950386191951
1.4872703646267589
1.5653811088028569
1.7186174602880988
2.3407936575083763
1.6620233545800076
1.6704997311169336
1.3237405369343718
1.4720171909486295
1.4160612784559192
1.299392324632875
1.4091940249405888
1.3930878111925709
1.7964130685254238
1.4607240440121456
1.6529305404439347
1.5046815205135282
1.4288454880680064
1.6515235065184906
1.4369699319396898
1.5520538339610492
1.500342102894549
1.5940259599964435
1.5835245877730644
1.5373402965849408
1.896116504287288
1.368655475306654
1.6906396998437996
1.5904551219831797
1.5928393244756003
1.619121540646286
1.5687684260506056
1.6717647435566543
1.4657906595511174
1.5597878929966973
1.3223215118833835
1.7316023366817386
1.4713873300634006
1.4801689033828793
1.7031513401838552
1.4014470716285956
1.9512033189153288
1.5367810132012796
2.0359843734661456
1.6201539418970787
1.510630376674418
1.6633110176376251
1.6459874400987617
1.4175179248552732
1.4130982752234376
1.3757123009776069
1.6396402521500846
1.6263133078610976
1.4078791865734583
1.5038227679341591
1.5144606102630231
1.4770296681163275
1.4660492021212286
1.6044736318779016
1.3668854087596476
1.4959618815192954
1.536989078892727
1.4255358324049112
1.6691491318342084
1.569333323993449
1.8016949477519562
1.6105334787501635
1.557537929116801
1.6273198235810813
1.671914395626176
1.352693406992522
1.4174751023728382
1.691827338731932
1.6169185266284898
1.3873733578421292
1.4469257795450963
1.3742398946398027
1.8298119653578946
1.4981690009850666
1.55608750001172
1.5563908967459181
1.6729516845731511
1.474356063967631
1.8470528376376631
1.451940284657666
1.4600035244507212
1.369850049668604
1.3720859595522406
1.8915498999701827
1.6116114668276296
1.5083064460208944
1.3368990048310503
1.5198876731388673
1.8547905561709386
1.6004681406377452
1.7790557098908992
1.3242825880940725
1.4773008339966154
1.350978493531306
1.5867700796213873
1.6302101776894269
1.564506295797319
1.8392392369720145
1.471437524697791
1.5054145392203973
1.627089011420003
1.7450682718040509
1.7310962931512535
1.5347503314968762
1.6521527642195
1.3021637045688526
1.683243322624601
1.4339992393650485
1.3841431918282934
1.458990410753986
1.4451834818877556
1.625702930959561
1.399051882264255
1.4405575686003538
1.3603468369673046
1.6002230186527016
2.2558640058996207
1.2539813244369589
1.7531436078249896
1.4242972408062802
1.6450137415112684
1.6000913665496415
1.7485631599972105
1.3938583320800182
1.5741531744240376
1.3692171301887242
1.439907021572903
1.4924462663838827
1.5607446036758925
1.5830345645773667
1.6952364940449924
1.5482061405935443
1.3489098305853255
1.5533619651833357
1.6101837928630522
1.3950789625396478
