0.7244507389551598
0.6560418466741738
0.788871952862639
0.8104610159718815
0.7775874814469256
0.7475366781693282
0.7403991023465422
0.7652762783413799
0.7127378973730853
0.8921482090505729
0.7697211015532198
0.7337585321492556
0.8011053216135515
0.9046468838428984
0.7508286671931642
0.9418997330359019
0.7532762496251567
0.8139071055464587
0.693904458004534
0.8400243906834723
0.6087778030071563
0.6677004749740731
0.7132963253283919
0.7062119519479846
0.7721373486413153
0.7345028734167847
0.6760205744584352
0.9325082943211517
0.7368295383087581
0.7218549661459714
0.7862825719785258
0.9358097231691398
1.107009055359816
0.7240832054140949
0.6165058150728214
0.9279994201100487
1.0012473922259124
0.7177703970364891
0.7517719410610664
0.7265617155677188
0.7685159202275759
1.1252432465544235
0.738206878078437
0.6615110808007703
0.7716837177702889
0.7942382944478266
0.677014822711027
0.8473425737606368
0.6203963152222843
0.7549205612681015
1.040904956157428
0.8054025547381037
0.8952366218997058
0.8110522050673352
0.7196691529357643
0.9373326466443824
0.7366900752487513
0.7557695986471135
0.7912172452727139
0.5263388313410702
0.7597759839356127
1.03009009338868
0.7204655639521176
0.8045612723811286
1.0015141898450102
1.0028065355115225
0.8191666693244408
0.727053492248038
0.65478721743654
0.6980637297296896
0.8042402948779684
0.7675329220301208
0.6825255547179886
1.0771919244037746
0.7200099654913795
0.7467548873163063
0.8743440236377517
1.0055589864832433
0.6213596691042802
0.7960537767596206
0.6781198173701772
0.698804530355907
0.8827751175853686
0.6336437462016061
0.7542790333195485
0.8085596781604689
1.074650557439519
0.902534460346427
0.8102469377061217
0.8974207983421845
0.8402801650018851
0.8220863458063108
0.6505161472215453
0.6997782687297374
0.7332386942323788
0.7002070093045031
0.7216477320513894
0.8084390760598742
0.7872252075218865
0.7280113100311791
0.8287052993025437
0.9561555667476686
0.659159691462944
0.7601756176143488
0.6866491136738699
0.7441673060147369
0.7684594724083232
0.7250598450089971
0.883572800225661
0.9703551392948461
0.7592966957511008
0.7447558403733003
0.6406675072549047
0.947485129505826
0.9551893420251794
0.7179382893712466
0.7355397626489709
0.7682165681929073
0.8718072973617238
1.3162397936613268
0.8818568112069466
0.9546192151413389
0.6510486442588073
0.6892581607474554
0.6704704144858024
0.7206671322865359
0.671954357624654
0.5763575331446451
0.9944311032425236
0.7579538153815099
0.8445456428022775
0.72080713515038
0.7055017722286284
0.894548356138078
0.7823735689121314
0.7754839255381868
0.7240815128090388
0.7858531379152356
0.8465153315415096
0.7993597551532067
1.0787755839202116
0.6562911768130966
0.8818147932620762
0.8013128885617834
0.8420266958101295
0.7299663262615356
0.7175737428422074
0.7593020496441408
0.7178365513381595
0.8134413646236318
0.6253527311899708
0.9217052124963591
0.7314414963834446
0.8248612647690853
0.8378550110983478
0.5924077277108146
1.149520047341718
0.8048410596179975
1.0534348207164035
0.915974694844102
0.7808340454083592
0.7548144619282543
0.8304953733732987
0.7302944600501461
0.6452000998255066
0.6141187169692678
0.8949907933583838
0.7460012514198916
0.7023524433324225
0.8184663589099991
0.8115348649958863
0.7869131801946981
0.6873140469459975
0.8886269153868092
0.642552940744073
0.7473144848696499
0.7249180083046519
0.737568750793186
0.9344211724094919
0.849207524063534
0.9316646732182811
0.7788001746421918
0.7998255963154194
0.7858714634509744
0.7905970915598453
0.558218451916751
0.6213400773664206
0.8216488687882589
0.7484278064780252
0.6176245747918514
0.7142668756809953
0.724707697548675
1.0799216809076486
0.7543226194748672
0.8194604552876716
0.6534263916420965
0.8772348061321817
0.7435235943639857
1.0062176497298496
0.7783008184521821
0.7690586007845128
0.6012739842151065
0.6634158489374495
1.0888757414504056
0.817892887795427
0.6979828979167363
0.640223538103894
0.8450753492255116
0.9926777291908315
0.7965479648323125
0.9027024721494457
0.6641564786498878
0.7340615679423962
0.6661888981495767
0.8374720374971115
0.7713292330411832
0.8287046050205372
0.9394966784030251
0.6594022607549155
0.6597755289348547
0.9259567432551055
0.8423043456640384
0.8550742837039291
0.7123307866238101
0.9484132406566597
0.5457047696909585
0.8598979569321253
0.7345884393352743
0.6851163360008564
0.6886578478059799
0.6689949958411766
0.775630917399505
0.6728778053695323
0.7071503193073315
0.6303271912535721
0.8798120241196055
1.2461213699322646
0.5558663086208492
0.9208747087903982
0.7043082054567611
0.9066962751121567
0.8537048210964612
0.8133351466889578
0.6932633888982461
0.7952159087437674
0.6685697123475267
0.7962546488854322
0.7007428792138735
0.8806278591268628
0.8271796011169986
0.9151627921472897
0.837606329471866
0.6879892451302776
0.7936531972193767
0.8074794016441932
0.6543760156196798
