0.24509802877339476
0.16570967965526395
0.27226219540335844
0.283610763593581
0.29123688363043215
0.24240522504587375
0.24832025238859706
0.2614702638003618
0.2083299223817371
0.3224853621675922
0.27295992697188404
0.2454310341320506
0.33560565032972167
0.4101227651727759
0.3200267059468021
0.4068952264413918
0.24917989888941264
0.2880867426900553
0.20446274241283593
0.26374511067564954
0.14345947861640337
0.21422213045261013
0.2144453086942751
0.19730715555332176
0.2546916970893829
0.24733238132508342
0.18806317658324645
0.37947094095406136
0.2263166327138084
0.2047844983542727
0.2562206022756697
0.40445689987951816
0.5358066624298199
0.22552044104109578
0.16930662710420835
0.3860630621057735
0.4772612354408045
0.2282652378482311
0.26470364256944245
0.2502195873950629
0.22927537927568117
0.5615109337845734
0.2457686195539342
0.18232588364407054
0.22556063993102354
0.294374549113543
0.20596987673398098
0.3511604326654064
0.131571266125982
0.20407429840996294
0.47532280754590467
0.2913320478201081
0.33167494096048633
0.3414523221347988
0.24466786563050358
0.4069004726869005
0.25276723937931794
0.23545564662101598
0.2703372276770689
0.13695437196941196
0.27125315416692863
0.47191547270246
0.21419139457083894
0.3264852489789082
0.49634011571570286
0.41941328600287897
0.2982812279986981
0.2598735336238349
0.17258237419568953
0.216800240744027
0.26944494965636573
0.28779220653112964
0.17636875608197802
0.45958900208180936
0.2243799462918359
0.23198428669205334
0.347397369871321
0.4468704992396463
0.17790100060340272
0.30994215401609626
0.20503443045036895
0.2186262763693976
0.3305934751788967
0.1561804262820765
0.2597923373663872
0.29975762791018984
0.5349250979564073
0.3417957795723682
0.30488286457846187
0.35344414870635715
0.3156281866473565
0.26773862278288535
0.19357014192050925
0.20645429349317332
0.22319265921551645
0.21654238897620356
0.2513526938995939
0.3148795382744372
0.2875550256290034
0.23873844462964408
0.2981776861174335
0.40851176546559953
0.18094117847360008
0.24038423173872833
0.23744365233447187
0.2635249628095977
0.27742367736339163
0.22208464429329422
0.3333804942829659
0.4111379137681775
0.2448421784736206
0.23908005759765324
0.21833557104594203
0.3521691211965955
0.44730751431261945
0.2403703398903951
0.23134957560839503
0.27993490080436007
0.35782735079511874
0.7335909194217345
0.3429935120468002
0.37197555725102455
0.1592208201820483
0.21054572448536626
0.20141676769108363
0.20451802861041615
0.22902637063236278
0.1361524828045227
0.44208716525573977
0.25082638776350763
0.32161849881767995
0.23885414126944146
0.21496227769337162
0.35663861866793867
0.2380969000495987
0.2788364525325711
0.2222335788561425
0.2906881113797538
0.3243839682999094
0.2798476912611984
0.4954631047826187
0.1927544955041601
0.3385449634620874
0.30015357306629886
0.2969810035515648
0.2722574993026895
0.24229690413706156
0.27794226854826903
0.21397599523475222
0.2837031046192175
0.15075273987539586
0.3756798198157918
0.23883615225086097
0.27191155857014937
0.36659068452984234
0.15974260528645645
0.5299330579048495
0.28363957252770067
0.5147410252469846
0.3657285121590594
0.2560877195561276
0.30816145684392776
0.29817095484678435
0.22996745625821524
0.2148905380862457
0.18214217618673204
0.38264824717814827
0.2583103027995704
0.2033865492058696
0.27983406774118547
0.2868803516286959
0.26013860708035075
0.21876391799321068
0.3382238904918821
0.16298249293091324
0.24343176697226718
0.2480636655945631
0.2313536968845135
0.3655360275448861
0.3062683454356675
0.40634216425993774
0.2918698061453165
0.29139876444359125
0.28574134848469857
0.30008126014270164
0.14160214690469156
0.18301137170435633
0.315563843150541
0.2814864501671313
0.17767877278317545
0.20795276825906994
0.19874860925050072
0.4718897055852356
0.24752139204871848
0.29816667641034034
0.2043307936469612
0.3506240396351599
0.23741644989552685
0.46145004869059575
0.25492889035645605
0.24752138105959734
0.17750775844248737
0.19877615304827503
0.5130851306169907
0.2856842031552228
0.2469293823759209
0.17682901892755482
0.2947433815171221
0.4725790917514584
0.29181524470476755
0.3742906055613591
0.18015882019380233
0.22537603430159792
0.2065805849231777
0.2892569460578793
0.2981385328501585
0.2784370135184995
0.40379703924800414
0.22393366183777136
0.2232947752907053
0.37329982456119815
0.3482437962329032
0.352019667720956
0.2547150601154824
0.35678184008287145
0.11997066527694836
0.341505294686472
0.22054860822530953
0.19560240257770828
0.19370466404814884
0.22271158933164412
0.27854314235863487
0.2092347244326219
0.2200907060254624
0.1907671162831854
0.34162438332605766
0.67969163686653
0.12505252968075578
0.38254538853581543
0.22545776005769888
0.3600561634856998
0.33181927862321775
0.33984069096136216
0.2135645855368004
0.2783685682132954
0.17430358661938805
0.2656549920593254
0.2392231695285616
0.3217329900913185
0.30809950583181167
0.3708449707266281
0.316393693383896
0.20803125442097015
0.28414032063889694
0.29362467298601114
0.20639282541447718
