0.49356536294737513
0.3407337019667348
0.536672881053633
0.5427560349756728
0.5971664782732184
0.4932617248181099
0.5016101819979895
0.5177653140905462
0.40857575655770917
0.5755994382538218
0.5682448914718214
0.4992160601651305
0.7097254563814079
0.8384361152823886
0.7260899049669922
0.7700341979981177
0.5010637636641837
0.5583025511117946
0.41018656990940544
0.4617812288799621
0.30382406825760455
0.45998124420053804
0.43050961120273834
0.37062635919933723
0.5038408735297398
0.5257781774846643
0.37836568419576416
0.6979212559953586
0.4561167003735622
0.39673556581483976
0.4844181109132481
0.7661661722234515
0.9604879749805532
0.46256526446753493
0.3710137221881122
0.7146428424362005
0.9343102462021009
0.47887655028596027
0.5428800364432145
0.5282832099562149
0.4406882499065949
1.0012262424337377
0.49791051026417044
0.37791459501598523
0.41418416345694736
0.5887741296232325
0.43243400928104403
0.7191327383690209
0.27026991098587816
0.37402044374948645
0.9000689256942063
0.556471928709206
0.6002304831382033
0.7017942642119592
0.5066304179448504
0.7608879658273925
0.5212552026448495
0.46520183356779826
0.49705363394325114
0.3427551949084439
0.5803440589998743
0.8114375389534225
0.41472191442423284
0.7005551737924006
0.9875295406436745
0.7639254285994773
0.5537900875006017
0.5459053345616628
0.35090002947411064
0.43272970666606114
0.5163885872524445
0.5997741537973814
0.3767299208234038
0.7672361610765286
0.4605886026132222
0.47437587334642006
0.6834385634371113
0.7798159660677302
0.3968788253695064
0.6242218103851077
0.4412959251425876
0.4416663706817157
0.6009586922004191
0.3330024195102122
0.5092832129835014
0.61488543017171
0.9265967497134092
0.6132703085472605
0.5988744751734957
0.6574660724443374
0.6478541337052449
0.4821046046217019
0.4242514351661756
0.41787716582140516
0.4519005064613111
0.42957058500178597
0.5300404617392245
0.6345474321134618
0.5851944057692953
0.5025803780457689
0.5707770688116173
0.7770005012856994
0.37017888010867134
0.4657667834966537
0.5202179159466833
0.5300419683317916
0.560982492177923
0.4428867754254652
0.6306323692334297
0.7571682308854608
0.4724131437357164
0.45803585685714243
0.4937861932883513
0.6027643615363484
0.853797168861882
0.49482726012736317
0.46779166150335244
0.5704183215477189
0.7053947984906204
1.3046140829791477
0.6464351357801369
0.6509245346354222
0.3237347252890228
0.44965289288283133
0.4254005536960713
0.3687543731628933
0.4803043382140467
0.3290880284390864
0.7986185855442675
0.48339110911982275
0.6294663214453814
0.4986069018188558
0.43536089160589664
0.6584295393545725
0.4373078281965179
0.5580633859056883
0.4604818506431618
0.5896323033473018
0.6068052999665212
0.5382071462925286
0.8708537570249916
0.4019778186609258
0.6490677631908
0.5957482956771888
0.561791001915963
0.603888105333694
0.5297124326685643
0.6119489411636903
0.43692956927112836
0.5440056124947337
0.3187698413554045
0.7057875392451134
0.4804492090216119
0.4879305777300355
0.7451878993209604
0.37789987523982826
0.8995120561646995
0.5415875649534897
0.994845303359246
0.6468917689254536
0.4954367583350564
0.6790653494772159
0.5909553050086158
0.4463719899463666
0.47064693389482576
0.4080240927088651
0.7010189078411369
0.5631270486490361
0.40769230914516263
0.5141577753705809
0.5353670078022683
0.4882780593216997
0.4666260915980659
0.6106852094719246
0.3467082279828359
0.4872977193863957
0.5259507151444762
0.4471488041128997
0.6529541078969608
0.5659831159722165
0.7858027093340261
0.6035772840566163
0.5674544928413112
0.5916903494167249
0.6345965398131606
0.3431350036464371
0.41750737203620414
0.6497660463462316
0.6081290036669492
0.3991207695978407
0.4212602201872224
0.3768805944245828
0.7995667138410931
0.4916051395969267
0.5661938109256195
0.4866938207956384
0.6686659873264293
0.47078046378415245
0.8470559248198788
0.475576431189834
0.46990188830250135
0.40440634070742276
0.41111162648310606
0.8913102666811141
0.5629244911732626
0.5336021559571069
0.3692499968520935
0.5301028277747051
0.8830008074613913
0.5863312979535494
0.737655938170754
0.3592243640523035
0.45356986113558223
0.4189291178335857
0.5480592148473776
0.630118047902084
0.5256595148543914
0.7905076999532118
0.4997016429604745
0.5094932844770155
0.6559615737267773
0.7214841081931511
0.7126631609927843
0.5487956301907456
0.6215203226265676
0.2862746573116662
0.6684938628913667
0.4305356843408836
0.39517629285204126
0.4103826715472122
0.4811083971149354
0.5838194336674182
0.43504219148934514
0.4483535164830806
0.4117059311959908
0.6213545472721049
1.2304514918972504
0.2821065683623347
0.7282825733105688
0.45593514753997716
0.6532477886010261
0.6219259278609006
0.7306126077326476
0.42938770711772983
0.551038731110229
0.35697018911401646
0.4803971806224952
0.5094989000758038
0.5702102459118277
0.589632730790683
0.6869487411455495
0.5848125088200781
0.4078776029475668
0.5561280020062196
0.5855130033832348
0.4400135119288991
