0.47935271018176506
0.49033216701890986
0.5166097574592805
0.5268502523783005
0.4863505978164935
0.5051314531234545
0.4920788499579451
0.5038060145410181
0.5044079749913483
0.5696628468829807
0.49676117458133584
0.48832749801720493
0.46549967128382985
0.49452411867012247
0.4308019612463621
0.5350045065945102
0.5040963507357441
0.5258203628564034
0.4894417155916981
0.5762792800078228
0.4653183243907529
0.4534783445214631
0.4988510166341168
0.5089047963946628
0.5174456515519325
0.4871704920917012
0.4879573978751888
0.5530373533670903
0.5105129055949497
0.5170704677916987
0.5300619697028561
0.5313528232896217
0.5712023929299962
0.4985627643729991
0.4471991879686131
0.5419363580042751
0.523986156785108
0.48950515918825804
0.487068298491624
0.4763421281726558
0.5392405409518947
0.56373231276985
0.49243825852450274
0.47918519715669977
0.5461230778392653
0.4998637453342836
0.471044945977046
0.49618214109523046
0.48882504909630237
0.5508462628581386
0.5655821486115232
0.5140705069179957
0.5635616809392194
0.4695998829325364
0.4750012873052607
0.5304321739574819
0.4839228358694333
0.5203139520260974
0.520880017595645
0.3893844593716582
0.48852282976868416
0.55817462068622
0.5062741693812787
0.4780760234022204
0.5051740741293074
0.5833932495086435
0.5208854413257428
0.467179958624203
0.4822048432408505
0.48126348898566257
0.5347953452216028
0.47974071549899117
0.5061567986360105
0.6176029223219653
0.4956300191995436
0.5147706006242531
0.5269466537664306
0.558688487243597
0.4434586685008775
0.4861116227435244
0.4730853869198082
0.48017825398650943
0.5521816424064719
0.4774633199195296
0.4944866959531613
0.508802050250279
0.5397254594831118
0.5607386807740589
0.5053640731276597
0.5439766496358274
0.5246519783545285
0.5543477230234254
0.456946005301036
0.493323975236564
0.5100460350168623
0.4836646203282995
0.4702950381517956
0.49355953778543704
0.49967018189288304
0.48927286540153503
0.5305276131851102
0.5476438012820691
0.47821851298934387
0.5197913858756205
0.44920546133939804
0.4806423432051392
0.4910357950449316
0.5029752007157029
0.5501923059426951
0.5592172255266685
0.5144545172774803
0.5056757827756471
0.4223319362089627
0.5953160083092305
0.5078818277125599
0.47756794948085146
0.5041901870405758
0.4882816673885472
0.5139799465666051
0.5826488742395922
0.5388632991601464
0.5826436578903144
0.49182782407675896
0.47871243626208915
0.4690536467947188
0.5161491036761198
0.44292798699229124
0.4402050503401224
0.5523439379867838
0.5071274276180022
0.5229271439845975
0.48195299388093854
0.49053949453525686
0.5379097374701394
0.5442766688625328
0.4966474730056156
0.5018479339528962
0.4951650265354818
0.5221313632416001
0.5195120638920082
0.5833124791375928
0.4635366813089365
0.5432698297999888
0.5011593154954845
0.5450456922585646
0.457708826958846
0.4752768387051459
0.4813597810958718
0.5038605561034073
0.5297382600044144
0.47459999131457503
0.5460253926805673
0.4926053441325836
0.5529497061989359
0.4712643265685055
0.43266512242435823
0.6195869894368684
0.5212014870902968
0.5386937954694189
0.5502461826850426
0.5247463258522317
0.4466530050843265
0.5323244185265144
0.5003270037919308
0.430309561739261
0.4319765407825358
0.5123425461802356
0.48769094862032114
0.49896589412655296
0.5386322911688136
0.5246545133671904
0.5267745731143474
0.46855012895278686
0.550403024894927
0.4795704478131597
0.5038827178973827
0.4768543427100888
0.5062150539086725
0.5688851448646057
0.5429391786278664
0.5253225089583433
0.4869303684968752
0.5084268318718281
0.5001301149662758
0.4905158314171436
0.4166163050120595
0.4383287056620643
0.506085025637718
0.4669413563108939
0.43994580200867595
0.5063141074219254
0.5259590882981743
0.608031975322413
0.5068012274261487
0.5212937788773313
0.44909559799513527
0.5266107664970219
0.506107144468459
0.5447676010392539
0.5233719280957261
0.5215372197249155
0.4237662257726191
0.46463969588917453
0.5757906108334149
0.5322086846402042
0.4510535155408154
0.4633945191763391
0.5503319677083895
0.5200986374393731
0.5047327201275449
0.5284118665880865
0.48399765845608544
0.5086855336407983
0.459608313226399
0.5482150914392322
0.47319070019102466
0.5502675915020377
0.535699639155021
0.4354685989171441
0.43648075364414946
0.5526569186939073
0.49406054943113525
0.5030546159829731
0.4576157265083277
0.5916314005737883
0.42573410441401016
0.5183926622456534
0.5140398311099648
0.4895139334231481
0.4949531837578311
0.44628340650953247
0.4970877750408701
0.4636430809369105
0.4870596132818691
0.4395600749703866
0.5381876407935478
0.5664297330657345
0.4308137789400934
0.5383293202545828
0.4788504453990622
0.546640111626457
0.5218855424732434
0.4734944557275956
0.47969880336144577
0.5168473405304719
0.49426612572813866
0.5305996568261068
0.46151970968531186
0.5588948690355443
0.519080095285187
0.5443178214206617
0.52121263608797
0.47995799070930745
0.5095128765804797
0.5138547286581819
0.4479831902052027
