2.572241940969868
3.2381428734921034
1.8199485972914513
5.164275658023147
5.192399667647423
2.433474645337758
3.6655860800393256
2.0837124555625786
2.3896883791680716
1.8755672063041189
2.235534008735626
5.140655869615467
1.9690365325455703
9.972972918092019
2.818122904990203
5.733075223775434
1.8819165291280655
3.9507508600807837
1.9992173329988994
2.553604325296521
7.0359233400271854
3.1149120778692594
1.871107985002555
1.6747751338355952
2.549863077034924
0.9523670171598094
0.1287886324061353
0.1030708133226018
0.16113064859142648
0.11745190180442451
0.11178749599211676
0.17183062125271584
0.07694540782435115
0.09182816019308047
0.10169459920081089
0.12925622392083513
0.23245657104575676
0.1437313766689306
0.11610079958974676
0.13800934248431118
0.12982483456361915
0.09517428628612098
0.12062561184322454
0.13513756202812086
0.11464132144741628
0.09002858018581772
0.08056838849342329
0.13548052924033802
0.12024636650119706
0.10399807135693026
0.12593261136338718
0.06997593011354641
0.24519101106205646
0.17342311144165312
0.12454607171353466
0.14625642627775007
0.0801094820585555
0.09162023156808768
0.12720102845003964
0.06043546940129594
0.11922447584082933
0.09091689241090613
0.11925340253540197
0.10798987208768183
0.09917161023070979
0.14027770369410747
0.12580720818476954
0.178852866133695
0.06991475434393035
0.08337201444767449
0.07241251943943375
0.13639925876966336
0.13446247175876513
0.11631448781128237
0.1191163277009581
0.1205319821821016
0.09061549270963183
0.10062625830984384
0.1271169350806472
0.13682128747291708
0.09766843111255769
0.11597256479547902
0.13125891843802084
0.11032521302097119
0.13265451954428106
0.11508371571475173
0.10166550554230652
0.21520529812621025
0.1563021567421444
0.05869709980278932
0.10198301628262864
0.08647521528655298
0.08724346461083346
0.10140072799029783
0.10746760719653464
0.12148324010341752
0.14509239525027232
0.09014392431186646
0.11042505359094293
0.08173814609104015
