5.024252130703159
5.694172180537818
4.2391870393863975
7.772405014680309
7.81102512224064
4.829515088055661
6.207352018889632
4.436274053773813
4.851506233091982
4.225856230102552
4.744180455490378
7.649950783968403
4.364012544919551
12.726662939627483
5.261186088454922
8.379136438207746
4.371039763746836
6.537340301564292
4.394379062091755
5.013865335791359
9.555965918081553
5.63348689298539
4.253775556744208
4.025503253623145
4.981731412850085
2.436130076065994
1.4503655837044336
1.4410556064016862
1.421604152017606
1.3720385803639932
1.4023143118215813
1.5163037826504833
1.321061052931822
1.324749114684824
1.3592458183469753
1.387526458719644
1.6264234359633165
1.4584529194967923
1.441657618126199
1.4473778714973464
1.4383986402456728
1.401509313292864
1.4052570576168337
1.437317762870972
1.318707516096164
1.3522400201206806
1.4046912224835513
1.435058625096257
1.4438142382198023
1.3631701124869482
1.436540120398448
1.313922029810068
1.6409870417900856
1.5158395870781858
1.4840050521925328
1.3578581311725815
1.40620896794065
1.42180441998711
1.4458406977496236
1.3035132269070868
1.421483314869495
1.3350769856678595
1.3567268727864719
1.4219469215941773
1.3599960382334892
1.4826482336613234
1.4296790814230365
1.52015041313921
1.2686178595496
1.3149691223141442
1.3459963618988864
1.5290457283638779
1.5494222403987743
1.4017632004812985
1.4276077771264313
1.3907552505460383
1.4178885821336111
1.4355793153943428
1.3966368390809767
1.3787775201371661
1.391447346457693
1.4167583853443124
1.3579478936161888
1.4267136802288167
1.4205663028561133
1.449619853709801
1.4008834911730916
1.5870244007428345
1.4281560171025225
1.329210999346028
1.3852405737466933
1.335849083258704
1.3123169700263013
1.4502732931451612
1.3866461332832658
1.4153888025178103
1.4341178118740614
1.2766562442752027
1.337216765819741
1.4437270529355954
