0.8186792283603517
0.7253294731436526
0.8209511083606693
0.6476275870011458
0.771328540675016
0.8076138187709931
0.9642991982222984
0.8876374725689676
0.9286304151342918
0.785857936761929
0.891144793391575
0.8800816346474408
0.8292163992040023
0.789368860779298
0.8234617947180914
0.778851363193747
0.9143438411542288
0.7571206160296335
0.707964550834073
0.8412379155779492
0.6567945903444637
0.9385045347439805
0.7217428226740389
0.8602448769484091
0.9644912269416599
0.918066267613199
0.7521040581930354
0.6973081666771805
0.9435865188242578
0.9897429744995028
