30.233509964925812
28.383995934337648
30.70667538595714
27.38097622283325
33.66392491146631
36.213550063788624
57.14649317346735
40.17694582218382
86.92882497934981
29.47543923400623
58.90782817662168
30.500668948019108
81.10342798512661
30.006323729325246
42.9815423584191
32.84911511620056
85.40977119406568
29.755438560930212
24.185608615882664
38.70255438062638
20.89395020332329
48.88500541677756
30.812480267831507
47.79977657237665
46.43439588382168
40.73410562069895
30.03133995749708
27.14693288105426
71.91542859543124
114.69883986652103
