21.470053998052677
26.759213909535944
15.063708639310015
41.40882203057624
41.25110141875462
19.332781687832252
28.54974737169852
17.188143700662977
18.895423271882695
15.309985539130722
17.453679896826795
40.81854104210762
15.518990351290741
74.49733771058897
23.240582502468545
45.51683251432785
14.580161627687133
31.297827054023593
16.093240563269358
20.567328108438385
55.853920122807416
24.69503673911482
15.63388538877725
13.845791174207521
20.738121806598816
13.138890148619442
1.9661436249787045
1.576757140353721
2.575409672933013
1.8132781952435195
1.750654649134196
2.706410871738213
1.247500392526134
1.4595017739930125
1.6043472301298023
1.9862486331663365
3.507054418823654
2.2885537154910502
1.8356740431502079
2.1408370717660294
2.038171343957164
1.432544329352644
1.9203848732692073
2.125922750150558
1.8429188098684928
1.4059922203960076
1.2447561008541914
2.111067665059914
1.8868043681311675
1.5531268598963157
1.9144344638422512
1.136173389954573
3.6625144905818967
2.6441635841287607
1.8560512451857811
2.4313774741077725
1.1812118433076548
1.3984098318215534
2.0040820526057646
0.933584078612631
1.8402799131978191
1.4745347064530803
1.868094283924221
1.657142713255738
1.5841528813048853
2.0594091359275657
1.8840561744336055
2.7024903670120066
1.129330779732145
1.3285113768225243
1.0955803334078733
2.045551574432561
1.991524480133714
1.8290614417166047
1.7859559903799844
1.8523271963037153
1.3765028530603896
1.617144325666903
1.9228733754404814
2.1810429533418594
1.4843008851658652
1.8070751074366984
2.0720824394151145
1.7006227124580091
2.075806806463765
1.779009234161456
1.5648227827210202
3.280383395874208
2.4874103254833395
0.9238256271179321
1.5904865250736893
1.3818032054163738
1.411357668693356
1.540462816281392
1.7462979798241698
1.8369463577904737
2.341729523769014
1.4366267615385226
1.7094617782730395
1.2372690061190534
