22.284488067775015
30.85149285051137
23.049118822404086
29.484486487213466
12.193169895932796
7.812689124729884
65.15966541380287
32.91581763544521
25.67030204826325
33.20021503990875
28.351623145652365
19.189646827733252
11.213731545871813
72.24746485934904
7.39807799522396
26.2516040352843
65.99133211632866
15.872432021319248
17.96507167481867
25.38177931653284
9.148834395454573
30.55803834046188
3.4688388985274403
51.12123749222105
28.336914674404277
17.067944483004442
15.553747653293295
46.23832585642878
7.58435743256657
4.421712932391665
60.30508295755478
15.925340123065027
15.697250823651318
27.407441539461107
49.35169971239802
38.772114530640856
47.16630898150588
19.176075531031774
6.471614663531929
19.985717373907818
35.69793740053097
27.600447970833432
18.37610468217451
47.837780604100814
40.19099259477924
15.060720472057255
19.28790899268918
37.712761685533536
5.486820240701993
30.777967653127508
20.502948045298105
18.470465695018436
17.419867686481915
26.152392301150464
28.070581976131088
9.984015857449963
39.41955287477438
25.80663585078566
22.29725989453371
9.055970567989595
12.970572342788444
65.67775947568643
17.94754304317322
76.15697764509827
22.256299236539615
12.615552067060474
36.85061382247956
8.054884524156167
4.081058837696313
27.067990496342112
17.372379218009016
37.300857620181304
39.403272103588364
39.235026757740066
14.028493955812996
10.857749017073687
15.478729811823602
12.731313258949818
22.298822467259274
8.183941559303195
10.467392226554155
30.354682346640836
50.974412699131435
6.131422634186923
14.48051641590092
37.04435046649667
19.45226645000992
18.430845671858716
8.796239387995218
58.92055090105663
31.53664314944558
38.003085014898396
11.64645795991572
22.041205761866948
47.81496111814978
28.30173592561692
4.853362168666493
30.71576254668894
44.65065118363765
57.22856864642222
28.710986878799375
22.490514236850917
25.578809956580827
19.42341747344263
41.97034287835257
10.906939995263436
45.95321741409007
23.93811983572625
25.510376865172464
20.146514706576706
23.066208913367248
21.876155173074316
17.662524770044836
22.808381624911206
13.181855828959357
8.185285411128282
8.64162750395072
27.815243741370747
28.973257306173842
26.593592796338445
37.855452060880026
26.898358079842037
22.723145579511318
31.81812695044527
48.56126484146841
40.46074356852666
26.658436059349068
10.15263359452994
10.928182475393205
29.930254429929615
18.129855883973875
6.119295535176431
12.403402665392147
13.69431391955009
15.442064987156398
38.48387131353306
44.38756518194796
49.8836217737997
20.449994888008366
16.580463212002645
45.23592323870971
14.175150136411146
11.829527756823186
32.530605276044376
6.375697729076911
13.511222603131044
7.215254832882052
18.13040496237102
11.13500755668645
33.97504728663883
4.92283360579656
27.876812107347575
13.407697597467996
34.25461601192723
25.139791419980845
18.429294574238927
31.04213989812981
28.6978055866538
35.14912750001236
42.88352490832379
28.05414946290672
6.451007928283392
3.716620728919737
20.933337287400345
11.351827568215217
41.35348050533665
7.443442294352022
76.35695406277098
72.37546331042111
31.561246666425017
11.224081361831708
24.308119970691486
5.612160741139097
74.03500313037436
5.463935889215258
37.896713989637675
20.124998685250812
35.95951162238843
17.932538527133215
11.851744358220264
43.19223230291791
14.24745766426724
22.619411018412503
13.597979481870805
30.059727595357913
30.40732297423015
34.62732419353141
8.932760189716571
15.938410787539507
28.403979934214263
38.879853018445225
41.641945493463446
58.066285362095485
33.243156352113836
77.96114761134486
39.76653006566011
11.82252892478401
9.282335598073375
13.032382228709153
23.43054863142088
36.818255123979256
21.58464877320995
18.11050091863941
80.51950722944184
41.37870400382682
11.413917382355297
7.78482299393771
22.2971028881686
51.79981150150719
43.030991007888616
49.8953554698577
19.28459462979399
8.732464406279078
17.39595148959604
9.289656135459404
10.94084206692594
9.496545509201235
19.906478545215315
22.779272558566426
12.436980216353582
11.825208733908696
13.135681087583963
14.972720055856085
27.2490088925531
58.77731978572542
6.765764854979994
61.39509362760809
30.172530961193456
16.884394124384823
10.693176905975108
19.906667458385527
5.355020959216339
9.73649344594579
8.61956580289331
45.73436704002711
24.505088606791176
16.83642035676754
20.599577018042304
17.2717148911508
65.89897528946008
66.36878859300704
74.45251338154516
44.20338004608592
25.417913293348406
38.46467173210706
11.360996262925982
26.606406851152883
18.77136028298117
29.62957632110017
30.26583627352349
6.892484223078739
55.01158732482458
68.00374777107514
31.76928104460061
19.168793797195704
7.628350403198122
