4.169621147673716
5.790765956909854
3.935587630042761
4.932658422934003
2.59419189883235
1.9245777701091495
9.819790192777386
5.180459422588248
4.189088190899353
6.186363822630501
4.657023065692848
3.4914665921468346
2.101724322870886
11.668711390212325
2.0103867063486587
5.152292017847356
8.693194574990121
3.4368012787123465
3.651719303200632
4.7367396634442525
2.196827596396519
4.942272300515688
1.2113477169768747
8.252531134112482
5.530308331508557
3.331419056205931
2.9276012764144057
7.7041582048696915
1.9804585132080044
1.395371019178782
10.086219083109677
3.0975555235377277
3.1326700333833815
5.301484199527614
8.26965820424017
6.500458498543632
9.193051993272029
3.913202072434394
1.6325557189697024
3.8324879014408664
6.094507660657734
4.993071962351703
3.6458143878801605
8.100858631439316
6.553055556289552
3.416593616077048
3.83568180064527
6.905833009121022
1.3538293451478964
6.820935508377478
3.467888917741387
3.593401965747703
3.35694118885174
4.314679585070956
5.08585088680509
2.423130150276154
7.314978900992816
4.873259203344655
4.32007932728876
2.0365363956295037
2.512683855273265
10.848127457989536
3.522249879227351
12.091409322800992
3.8803220826323495
2.9106613640093997
6.126797235529697
1.9534648007619042
1.356199403120285
4.53982095011857
2.9997965118743237
5.530778180086824
6.960229514817821
7.280303436824075
2.880723699414665
2.5096789237777766
2.8392929776413225
2.85702458984833
3.9024181182369504
1.8150504056135173
2.3337998656546017
5.069274757590262
8.937701692697331
1.5000415806671485
3.319293047175215
6.9599013431141525
4.136573392422763
3.7210112465544833
1.9431912471453354
8.902583126195355
4.70051097556862
5.525403431565298
2.135564078354693
4.497703140727002
7.724988456966288
4.705332198920688
1.3764397037173488
4.95152225488641
7.389500381411099
9.842051213412546
5.254842247078117
3.960383249526868
4.167835743745226
3.3385493134549002
6.144866837917908
2.3138999488384275
6.9468795768740454
4.658094867004909
4.439603770729715
3.683793896822521
3.9323627232433735
4.079274407466248
3.28981242373828
4.814062967595737
2.9593185229095034
1.9095098788637295
1.9759010012270757
4.938209828461612
4.547184160770109
4.806822937023851
5.723544407088416
4.996410840418602
4.886077792547539
5.108945092460293
7.826778496044044
6.535334842210012
4.91616683664544
1.9181259360847964
2.9370915213352293
5.5610160262487796
3.961106471769095
1.4245557860114568
2.5529473108461453
2.9596084491563066
3.2987776130027924
6.390013864615057
8.326967527222894
8.569162457396253
3.9387731508304067
3.3418681568001163
8.237273628260084
2.8405897707366634
2.159790882411438
6.244516057716767
1.5596261696638714
2.479030197810319
1.6581985524843548
3.3248595655718782
2.3683454462885067
6.112854936454125
1.2571437655641093
4.274743079385402
2.825339918769108
5.884132470370499
4.90500939702234
2.9445329042318646
5.117613802955901
5.07259502139917
5.6364069702321675
7.564907138861817
5.88701694826585
1.8290757394786168
1.2293343222818125
3.596437922204662
2.0987549975813358
7.627229031512143
2.0526201841187093
11.857990059378633
10.71752067890549
6.183044418874724
2.453571174383471
4.9304115048811425
1.313603252843567
11.485820045289751
1.5137210987302925
7.117965101190112
3.879607617814893
6.258522113491688
3.8934637512868866
2.4158333183844487
7.607118360540697
2.9869693513586504
4.499715043021583
2.895198358197477
4.955426491067714
5.61085417378211
5.921943072331093
2.013390791140827
2.9249925531840613
5.379484228014822
7.135533469398511
7.382198591137211
10.629394127433276
5.979353350695084
12.823305290784313
6.807449942731108
2.4745338062488127
2.215560640472017
3.020438152026218
4.386460062729486
6.936683752365373
4.481864511982646
3.3042636903317573
13.702150553337194
6.86827497550208
2.4404902226002894
1.7217924770348025
4.352146309284083
8.644745392038068
6.641001211291561
8.758904717088722
3.82514232524531
1.8962318119245598
3.3112780712270005
1.7203876192568852
2.5727069904041513
2.113565582829014
3.699670424047294
3.651816571049705
2.376084535021515
2.1671539933253854
2.717677288068591
3.4724887095618264
5.070024394459568
9.524675582664122
1.640077480153179
9.53257989591
6.006745670307093
3.2984084265936446
2.2783339013801647
3.919963155301315
1.5185929852599074
2.309774560304475
1.752106882347502
6.965290671234161
4.659368182269857
3.3178411014284075
3.9228739725922543
3.8960999807298156
10.922494480499711
9.79737340595626
11.64585239577222
7.565750219097332
4.559197591274758
6.690877408065629
2.045805685476442
4.548420907073494
3.4234368150970593
5.579263170148608
5.612928149906425
1.6354644922548212
9.355854820194232
12.261599163740808
5.394023069614906
3.7819497346276103
1.8902084374326273
