28.624362475620096
36.97441038427769
29.851614039878907
35.1466043062058
17.64583931606205
13.555975580289601
72.3514013972133
39.57243947313495
32.407980831687
39.494217872242125
34.969085986579465
25.41888339419136
17.614238060502867
78.95736489707615
13.186720465662866
32.48884412338051
73.47302668880906
21.860723731485486
23.492421058819158
31.543738737623972
14.823425696051753
37.65216882638724
8.537494359222583
57.85905846282276
34.11145531905845
23.665728153112916
21.560965549712787
52.78305699513834
12.931968951840245
9.31484507615119
66.75386010984818
21.666163908603465
21.52367410896172
33.655684861341065
55.88746232346658
45.17277051559922
52.88633242106478
25.085213280155337
11.81439500046414
26.715036270192787
41.92022181002154
33.60529038252708
24.225663262307545
54.45126142441121
46.83246126170539
20.6672834130949
25.708106784128024
43.75769155874673
10.993139588977158
36.02766810771671
27.522105225304045
24.668959018232982
23.818508073144503
33.69138854457383
34.70375719361312
15.169279267704002
45.51686369048984
31.958993621263215
28.357287790288606
15.539923803555169
19.416953957684736
71.82152009259319
23.52894740403091
82.5314377655031
28.51809360368337
18.42126728342347
43.20473696057692
13.365250810848504
9.29786167423154
33.332099767103045
24.0788410486275
44.430770200953035
45.93609941927383
45.38102379748369
20.300512140781887
16.867479270928328
22.049841811016794
18.771886371549645
29.037699010282203
13.75251549976417
16.384256015928433
37.033523845631315
57.284455720686736
12.195542335265518
20.343084282756035
43.23199897491994
25.22977567063769
24.823024630605193
14.956850672003505
66.09992043983556
38.18195983092551
45.060019023186086
17.24345004314843
27.787575745805427
54.42946213775265
34.74278804889211
10.183696906144094
37.57852278940456
51.23179242471013
63.6094824301286
35.102129401449716
29.28080570106644
32.08700543475572
26.018768308112392
49.39041318606444
17.468482492913754
52.662250655799234
30.251956074121388
32.19388722945358
26.537489128934528
29.79130422322276
28.337915621111037
23.7261917083182
28.32144473312102
18.586123580657592
13.992846848087648
14.489452573702609
34.485281451481676
36.29667130480595
33.29209476847588
44.60977673113539
33.512186765486135
28.421308382831107
38.39984934728309
55.60350865386891
47.26058029102173
33.08083369065412
16.057276185315903
16.199824010426504
35.988834070549714
23.627034326261267
12.90594181423223
18.593796392631216
19.609895115004075
21.366012876775272
45.11499644567854
50.372777347127524
56.14756522309062
26.51825712168184
22.451623440319562
51.46518343950655
19.955857409923077
18.075352624581267
38.397681426861126
12.376839065300064
19.580406722192016
13.175076329084492
24.87752218710914
17.353295975289996
40.44112668254637
10.824846309220272
34.25896798236215
19.100505764119223
41.139509567629425
31.141570483305777
24.399277399899447
37.560172267320695
34.98180415091038
42.455352928108894
49.29673738891339
33.665946091350754
12.192485361001363
9.212552057190871
27.487993429344815
17.40414829100641
47.38760311374441
12.823574752239088
83.19791426073513
79.70581230402195
37.10587548197359
17.391621129459914
30.290962441460444
11.628566751590132
80.70435795778346
11.182442382401753
44.0372744628763
26.42442992270664
42.77910288002099
23.921888794184664
18.116590033231063
49.31309685469596
20.154328739795396
28.351738132176056
19.70145232579075
37.18068225934133
36.94003533986739
41.47049020789475
15.318907160218263
22.596428976607363
34.18442156902059
44.790538703408785
48.07200311690414
63.91081029916456
39.5309831771983
84.17614778989405
46.11727296465318
17.77979916933372
15.825574734921917
18.39371206729687
29.618117972253255
42.82062053663866
27.385901407462672
24.54807643200421
86.49716070868944
47.98433802219862
17.789636719657675
14.354699202620736
28.008286710252168
58.05104521358685
49.70863671729673
56.30470435572417
25.16261065497379
14.257983447652327
23.407084174982643
15.288652999054257
16.47874602033156
15.329346404416945
26.194524409538953
29.27058648432165
18.870671169631386
17.886631862802663
18.960762558981028
20.37831990200777
33.50362923823204
65.37439345310636
12.805409152601365
68.39755078669708
36.12551844986437
22.291293433099344
16.577768076225908
26.20721459523754
11.717192147184969
15.894145469519469
14.591657117828138
52.17858087891301
30.36925050733396
23.11744366499756
26.668849612082372
22.9359115027405
72.06807667499942
73.14596896634761
81.28958316964115
49.992634793359166
31.427334267341493
44.89341121814277
17.74578891242654
32.61732693072992
25.150996928240083
35.60956448533178
36.797017815044725
12.990435470411999
61.49446978223609
73.8983069732023
38.722988932158835
25.934761008436695
13.067666984002525
