0.9235096301991458
0.9589438220379916
0.8968297659066058
0.7946512530249131
0.8016207437542817
0.8153895951104291
0.9760880524099713
0.8714236418272212
0.8709191347742568
0.9858909359196941
0.881283459864811
0.8556304786912078
0.7637060526993699
0.9916223407338134
0.8825097870754515
0.9891420635728001
0.8852204625337157
0.941440405157317
0.8591846872892401
0.9253055840081087
0.8409728643726309
0.9311847282555845
0.719169344319722
0.9610263079495999
0.9361954785881951
0.9287684750334839
0.8156749168170456
0.9552619149284878
0.8189567109320703
0.7329949913923148
0.9743822914382653
0.8207507568744115
0.8480086408713756
0.9842308478410982
0.9670956713827176
0.9210681151227776
0.9942922958608317
0.9218040057272916
0.7382846598505373
0.9653751914881242
0.9046173508405877
0.8921991133799949
0.8803228462016311
0.9839050884329289
0.9293108236724464
0.9268439770050501
0.9579015690244733
0.9540100213059103
0.6781153515893964
0.9938991369631057
0.8844402416588234
0.9029030400452059
0.9018138080132956
0.9654797438933187
0.9720947468008794
0.8282903811561291
0.9798939635437323
0.9381407463125142
0.9232124534917481
0.8497343306643514
0.8342049450176334
0.9279711451060517
0.8355282749530082
0.9339011728680069
0.8520127361035271
0.9173348777103666
0.9010684201649725
0.7761630340514053
0.7609303236585341
0.8531696082734975
0.8355061925895451
0.887537279891965
0.9898528188652379
0.9859787115167967
0.8900244143251324
0.8941758939454487
0.8461426759661417
0.9193570415826937
0.9056473072726119
0.7349377202662216
0.8428076260108277
0.9142225504088158
0.9845128400928743
0.7458816878899126
0.9565698341789828
0.9961469324949979
0.9472573687739791
0.9581978888325615
0.8003854679486555
0.9669441912691848
0.8180927363536142
0.8653437843792023
0.6931753918083645
0.9301087133677312
0.9387736350527464
0.8723332712366947
0.7204539210452566
0.9042694483280005
0.9492415433735533
0.9872943128658815
0.956763772107039
0.9184226980921152
0.8453605867451014
0.8462700363189624
0.9231618248891824
0.869151218817849
0.8850143210175555
0.9721833557181686
0.9216699308006243
0.8871612705122504
0.8876923920007501
0.9301775887573333
0.840772386575173
0.9371073120508275
0.860477957706404
0.7925189245887815
0.7974575541449098
0.9551334479499853
0.9174646307837241
0.9671519063996641
0.866596518137639
0.9860712931946547
0.9796053846852453
0.8756716213950375
0.9912698635243471
0.9403018240616792
0.9544371989540327
0.7053405550223252
0.9557692507091194
0.936175326262197
0.921609915299928
0.7491089270045036
0.8499474063993141
0.8928045757032158
0.9146201863479957
0.9392216529026414
0.9893968521835257
0.955994241738597
0.9013227471366846
0.8739075578493821
0.9970258987983115
0.8228470273893541
0.7463022095722479
0.9541474868842675
0.7562138463984569
0.7684054228644037
0.7500956450819094
0.9017464470930951
0.8486603974759993
0.9773764629519214
0.685430375863114
0.7963484677157616
0.842078129331471
0.9847376925958387
0.9453210691555242
0.7204644047339275
0.8880889092648478
0.9112217224135908
0.9699803932555623
0.9841494477555591
0.9813103654425082
0.8613171777543083
0.7333838628867131
0.8575894772564584
0.7298454455531748
0.971216776423171
0.8611770656511315
0.9750248999012229
0.9856642150869422
0.9239153047167534
0.8701027740929302
0.9738176991496275
0.6796341006233945
0.9491805808786247
0.7740906356544444
0.9925295260292799
0.9248760139091554
0.9976965344638161
0.9748109089192865
0.8354123424146684
0.9442145004888196
0.8754269662274364
0.9097797963945364
0.8969270013605796
0.9490779953272632
0.992259376733593
0.9771970229533438
0.8393424783375212
0.8618465175248875
0.9096481139110807
0.9416251010381874
0.9874346657296514
0.9720383570935803
0.9510802761122693
0.9467865513487336
0.9374440769120506
0.8291132240978407
0.9160452833859908
0.8803859237776304
0.9163825272205768
0.9723472035658345
0.9494092569623429
0.8665219485323005
0.9469294397324897
0.9455024846798851
0.874659834258238
0.7880320772653419
0.8874483416304682
0.9309104362931535
0.8921237067305116
0.9970548079820585
0.8935578344666352
0.7348630346019984
0.8503635777766109
0.6750496549779691
0.8645927424049684
0.8042095793510178
0.8881129867286082
0.8098603618569756
0.810092732779564
0.7344053055810545
0.8349185095652467
0.9211203143553301
0.9464967960691503
0.9611559382468593
0.7735390945046154
0.975933810040543
0.9898288898633255
0.8000505800675606
0.8087375512371762
0.9424089135816542
0.8245617564096207
0.8948444584537866
0.7171044529356722
0.8602346361161735
0.8997024595147582
0.9014594170993336
0.8927640988661377
0.9621713227585347
0.9349767461821474
0.9077542849652273
0.9795044145520494
0.8761301650460538
0.8717932420395187
0.9581340918925888
0.7360644921111229
0.8382107650562223
0.8683664914212175
0.9369372584257583
0.9962506448434378
0.7677173535275059
0.9863148231492984
0.9780565366623699
0.968635474667659
0.9866506150077076
0.7867848260512179
