3.2461115174745703
4.831822134871863
3.038757864136155
4.13800716990909
1.7925711550780683
1.1091881749987205
8.843702140367416
4.309035780761027
3.3181690561250963
5.2004728867108065
3.7757396058280372
2.635836113455627
1.338018270171516
10.677089049478512
1.1278769192732072
4.163149954274555
7.807974112456407
2.49536087355503
2.792534615911392
3.811434079436144
1.3558547320238883
4.011087572260103
0.49217837265715275
7.291504826162883
4.594112852920362
2.4026505811724466
2.11192635959736
6.748896289941203
1.161501802275934
0.6623760277864672
9.111836791671411
2.276804766663316
2.284661392512006
4.317253351686516
7.3025625328574515
5.579390383420855
8.198759697411198
2.9913980667071027
0.8942710591191653
2.867112709952742
5.189890309817146
4.100872848971708
2.7654915416785295
7.116953543006388
5.623744732617105
2.489749639071998
2.8777802316207968
5.9518229878151105
0.6757139935585
5.827036371414373
2.5834486760825635
2.690498925702497
2.4551273808384444
3.349199841177638
4.1137561400042095
1.5948397691200251
6.335084937449084
3.935118457032141
3.3968668737970122
1.1868020649651525
1.6784789102556317
9.920156312883485
2.6867216042743425
11.157508149932985
3.0283093465288227
1.993326486299033
5.225728815364724
1.177301766710499
0.595269079461751
3.686651341845072
2.1642903192847784
4.64324090019486
5.970376695952583
6.294324725307278
1.9906992850895326
1.615503029832328
1.9931503016751813
1.9376675482656363
2.9967708109643385
1.0801126853472955
1.4909922396437738
4.155052207181447
7.953188852604457
0.7541598927772358
2.362723212996232
5.9637544106191545
3.1893160236487845
2.762813357721922
1.14280577919668
7.935638934926169
3.8824182392150055
4.660059647186096
1.4423886865463285
3.567594427359271
6.786214821913541
3.832998927683993
0.6559857826720921
4.04725280655841
6.440258838037546
8.854756900546665
4.298078474971078
3.0419605514347525
3.322475157000124
2.4922792771359377
5.221705013028725
1.4447487300205788
6.06186525585649
3.6859115112867404
3.5179338399290905
2.79663262631027
3.044670331242623
3.1490968187089154
2.4490400371631074
3.8769556555449096
2.0988405652030995
1.1169909542749479
1.1784434470821659
3.9830763805116267
3.6297195299863847
3.839671030624187
4.856947888950777
4.010339547223948
3.9064724078622937
4.233273471065255
6.835508632519697
5.5950330181483325
3.961729637691407
1.2127853810624714
1.9813222706261102
4.624840699986583
3.0394965564691665
0.6754468590069532
1.7029999044468311
2.0668038734530905
2.3841574266547965
5.450792211712416
7.337570675039369
7.613168215657656
3.0374504036937218
2.467960598950734
7.240247729461773
2.017742743347309
1.4134886728391898
5.2903685708324995
0.8034123232654146
1.7106247749459151
0.9081029074024454
2.423113118478783
1.5196850488125075
5.1354784735022045
0.5717133897009954
3.478394611669641
1.9832617894376372
4.89939477777466
3.959688327866816
2.2240684994979376
4.229524893691053
4.16137329898558
4.666426576976605
6.580757691106258
4.905706582823342
0.9677585617243084
0.49595045939509935
2.738848444948203
1.368909552028161
6.656012255088973
1.191443118467578
10.88296515947741
9.731856463818549
5.25912911415797
1.5834684002905404
3.956593805731515
0.6339691522201725
10.536639464411127
0.739630463075848
6.125435575160832
2.9547316039057376
5.260825579027872
2.9186528423676
1.58042097596978
6.662903860051878
2.111542385131214
3.5899352466270464
1.9982713568368975
4.00634849574045
4.618594797048517
4.944746049377748
1.1740483128033057
2.063146035659174
4.469836114103741
6.193908368360323
6.39476392540756
9.657355770339695
5.028273074582815
11.87651873943558
5.870005865819058
1.645420582150972
1.2995153570860265
2.1400522282485874
3.470077535508909
5.964336548799539
3.5324552550203037
2.4377417417994565
12.755221113604705
5.922772490822195
1.565830388342051
0.9337603997694606
3.464697967653615
7.7138349557449155
5.748877504561049
7.7618499091066635
2.931584490778675
1.1613687773225614
2.4609144934503893
1.045337964278916
1.7081142479991829
1.3093560034779963
2.811557437318686
2.8419562091927295
1.5659918022419514
1.432748687744331
1.8827587785033444
2.5513683952064965
4.123527598390417
8.563519644417262
0.8665383856485634
8.556646085869458
5.0169167804437675
2.4983578465260843
1.4695963501429883
2.9775542417196608
0.6940312288502867
1.4149301018506881
1.0350024294118296
6.105056035117988
3.759665722755098
2.4163816843290737
3.0301098737261167
2.933928657971281
9.987517734317564
8.889619120991032
10.666347981220172
6.689620054051278
3.6874043492352397
5.73274331617304
1.309741193365319
3.7102101420172717
2.5550703236758414
4.64232591172285
4.616677505062987
0.8677471387273151
8.369539997044933
11.283542627078438
4.425387594947246
2.795299119619903
1.1034236113814093
