0.9452474957862346
0.5040768093866436
0.5186499502086521
0.5484233694837304
0.4109057590660965
0.6220156359663627
0.6763194128719612
1.0110018990756817
0.6913150040879713
0.5379726447207408
0.690173051080588
0.7637435276815681
0.7724239093082299
0.400764015933881
0.6419396044614438
1.0809262108829856
0.5719728063387538
1.263098871611652
0.4626323277177042
0.7243013666342326
0.552454457844097
0.5652219760424085
0.7766249008177117
0.5240066898835478
0.39531324661342077
0.5606334112647706
0.3300838338135357
0.4746270309920442
0.48533988759635566
0.319965651959392
0.8530325548240872
1.0823366866497162
1.2226094531671214
0.7921410184165638
0.42295259578344635
0.6072324156921796
0.5505218427372156
0.5958973958536384
0.6988311779453654
1.1457853782127627
0.5306958002804273
0.6106213457232041
0.4516873425172089
0.43352157472219616
0.6338704118925015
0.6289327727947462
1.477133809849519
1.04810130549019
0.4394281511707516
0.8518190183175014
0.6597761551095775
0.5040284092262034
0.4664708677163439
0.7678750548757968
1.0704580871256704
0.4138789487611919
0.7291729361898399
0.669644827041445
0.8288033759612589
0.7456923676234468
0.6047438341915459
0.9003343945337892
0.4463985768429846
1.3034369977500084
0.4449748509232316
0.8655799080474803
0.5024316013146856
0.5145702852931837
0.8178655420418899
0.5434649892374331
0.6694980050698535
0.5003239517125802
1.0401116609482646
0.7765369195415294
1.080180110466612
0.5615119400776178
0.52456449030084
0.9752517660623892
0.5424534359520171
0.6208471648861705
0.4140144247735994
0.9285705022841908
0.5796733112932452
0.46315071905801186
0.4168739024289698
0.7649973660069064
0.5265192702734247
0.6968841633975377
0.3296472480463695
0.5487573357336721
0.934042873634202
0.7318355818953811
1.1030474017179508
0.8598122846660952
0.4244188113727117
0.9776232245215848
0.7635678914762847
0.4194347503591029
0.9055986147551914
0.5818526541460203
