7.224982193310483
10.479731855897501
12.610609946619478
6.837819883308437
3.4807516193931427
8.003543043629211
0.925341348752106
12.132796210240883
6.314766172421404
9.68886517452972
10.252245430208925
3.370476105825787
5.107830390172383
5.277214275800155
5.087504236061617
7.014003727629153
3.7242678202780115
8.316379970412111
11.044327385525275
6.819155664436587
7.595401983875922
6.9037727137833
1.7672422474894685
11.557856719654355
8.518782958476748
8.188910074791762
3.9842916039584533
9.725197346329395
3.9900758166873143
5.609896041145094
12.498728199536378
7.286794614817997
4.177194801541976
7.187661405331512
5.062098149054683
7.420343757126341
3.8490228477715545
5.234381462711805
5.6957659477547615
4.717645251028295
2.5779716058428823
2.879556291616448
5.819140771652991
4.798475585205158
9.601692319650336
7.727507196112897
6.0119106410476
3.1014813688424927
