27.931666492780934
31.676347206065547
30.967671547343514
26.219482857107597
23.60433018407871
28.621206911317802
20.825203210101396
33.785354707567954
24.466601965314776
31.49782213558653
31.666759796907765
24.3875553442649
23.73710185101067
24.41093530700058
25.711302176753094
25.99972813077963
24.47045884893886
28.756906420649464
32.47681288244613
25.191367566177533
27.45062727333336
26.707281175326855
19.55972633895123
32.57459706644997
27.4777334834429
28.057250883896614
22.51330986021355
32.330589122861284
23.15954189984004
25.72516852487233
31.881385466686044
28.754423520718895
24.782294602798856
25.602269218339714
27.062168986026172
27.91240962218099
24.349389364421963
24.233191183664033
25.508387646150027
26.062978626192148
21.616583465490276
22.006148980424843
24.671778137043606
24.611071161301677
29.200781085216153
29.381522774540084
28.858729740149176
22.15420190405496
