0.7024839293305515
0.6219848306522437
0.6416468667554306
0.6402396628610946
0.6492972358702038
0.6184092920767007
0.3590160184428028
0.32941559813748705
0.350043315262222
0.32085097260224854
0.3386361516187412
0.3333575487269149
0.3564512572480209
0.3336023684918125
0.31492330468352236
0.31478442573131193
0.3452385373043189
0.32410206469795355
0.3070555587272972
0.3124842638439757
0.3269246521719115
0.32829226242042864
0.3015975854196479
0.32933437582632247
0.35543484253050933
0.3332557781627885
0.3323372121035559
0.32550204763348795
0.317253138641216
0.3482815325772455
0.32888033424582586
0.3343244220654188
0.3444312223353577
0.3547122284351574
0.32070452573793384
0.3284034151800048
0.3042991811773139
0.35849678393559153
0.32985651664376414
0.37175696120618884
0.346432314061835
0.322386774658996
0.32749955876582515
0.3337043864279676
0.3365369696489588
0.33277050313919715
0.32853022046681957
0.32658569372840707
0.3504877768089612
0.31383318541898275
0.32169202736082675
0.3414771519853915
0.3393900637563478
0.34630957967815373
0.32454389971185343
0.31059596981519866
0.3413736680329478
0.35631293309465634
0.3229115568011247
0.32982379402596845
0.33648790937322626
0.33924734779253357
0.36075909140452345
0.35077189098978584
0.34486286512341163
0.30740727446007454
0.33369152428993154
0.3293529183164128
0.32844615366293073
0.32547037579674304
0.33971241922644324
0.32073232321830747
0.32804043914899406
0.33228094798082614
0.33412455431396726
0.35194816767922427
0.35827326587000063
0.357780962827746
0.3123360346367542
0.33437061377976246
0.326615935502823
0.3009089385834329
0.32782864349534485
0.3450665401283462
0.3460447119942185
0.3237812185117169
0.31557148317238465
0.33394285543633206
0.3298416084139865
0.3406358457881504
0.3213929132004551
0.32887069044117856
0.3070579910943514
0.35637711359708885
0.3413578480162528
0.34285304650956344
0.3742220742741289
0.35441130999291026
0.36624582880352813
0.3467599996987993
