2.9616039206455422
2.6091393489150825
2.5333856256689167
2.340068693817496
2.70084803723954
2.616884318426298
1.1843100836488327
0.9850364824343126
1.0685988006623237
1.0057340745305703
1.0739257455688291
1.0043599733947934
1.1087080938936875
1.0167411748570852
0.9917971265996729
0.9906799362084554
1.112173646348472
1.0321437521391235
0.9100686771793229
1.0223489687871228
1.0120510599594998
1.0296967454133479
0.9495812054491676
1.0636569496508312
1.0816585895475839
1.0512852877004262
1.0636816035261099
0.9945792096663555
0.9559517574842822
1.1192927146238691
0.9528582997716
1.0842957836984404
1.0566528915125215
1.086879427873952
1.0280917786180048
1.002641780412675
0.9437927481037217
1.1163041428193181
1.035917761883178
1.1134559889682767
1.0648372555522818
1.0093658609592961
1.0025036349831213
0.9922240869919712
1.0597953177205328
1.040288825536674
1.0340346197766257
1.0440170647395286
1.120433184180794
0.9446492663720788
1.031400037233369
1.0395495352820097
1.0160576907104546
1.059774051972873
1.032719564537607
0.973780627363841
1.0270015817648104
1.130886882821283
1.0253084230627008
1.0427256314911504
1.0360648123198926
1.0625915509219142
1.1057460814755709
1.1351938094191834
1.1237818321358917
0.9551296695811532
1.0471351036624594
1.0880206698115416
1.046815826238481
1.0650207297448098
1.0381132791145025
0.9765769826252052
1.0485999065338432
1.0264848064676189
1.0747723682177952
1.0585778870827238
1.105370724630086
1.1010787180941788
0.9938973396905131
1.0284005938512863
1.0551987296489125
0.9820987110909152
1.001086824502898
1.060240903582376
1.0770565839771291
1.0001669838243419
0.9995376401471661
1.0385695904194183
1.0339877027005335
1.083656492935031
0.9961545061515682
1.0294526797179826
0.9516167466387331
1.1212095326806013
1.023940155884778
1.0491499657381564
1.1422103944230686
1.0597986565693838
1.161503241689294
1.1136873849363331
