0.7475225591306882
0.7668131947866366
0.5897698172134398
0.6683941926905419
0.7071995818953387
0.7657636046063546
0.6701304399520958
0.604756469598542
0.5638017309100242
0.7381608168047923
0.5931960008582268
0.6011700448293629
0.6450020564780867
0.7363349622394193
0.7895318018659468
0.7801037810784017
0.6309528506611757
0.602957352800785
0.8799809558572966
0.736793730046883
0.7851127603649828
0.585012585112408
0.699235921042529
0.6868501857230359
0.8136868733296696
0.6604337957851796
0.5743738503613208
0.7400622113419458
0.7183386879118099
0.7756146572184484
0.6879405342651174
0.7179215082942589
0.6941126315063834
0.7182350362217941
0.6741897059170495
0.6882296519325551
0.8605446003356972
0.8222070073482098
0.6187521517733748
0.6703464950010745
0.6621071161341546
0.7378810379067
0.7192936737266188
0.7024816157898196
0.7672846856706228
0.8235270615772458
0.7625596086515094
0.658978676273802
0.6793679223156183
0.904481476052791
0.6721313177995804
0.7254190516075016
0.6865150798734289
0.719867113428684
0.715566045239152
0.6586208701560118
0.7572825539153828
0.7521803634406304
0.9152619616196938
0.6187879484901111
0.6531176160073624
0.7375773734182045
0.7519744492611817
0.635004656796094
0.575838074625976
0.8727954523604816
0.6860656676312283
0.7272442229917014
0.7141072333813425
0.5967451049344966
0.5888158006022303
0.5132098524950816
0.8208871283026018
0.7697604798441844
0.7209423595350227
0.78233548772325
0.5623237076372399
0.6617891187182011
0.6626969035511526
0.5950762386929044
0.6869793737825192
0.6769918070167362
0.792664200445292
0.5492644593652973
0.9219077586262717
0.7920441469223212
0.7170014117297762
0.7692435218902111
0.639085193258059
0.7316248016997584
0.5309419036030815
0.7100536002748121
0.6559586823714818
0.731105576895179
0.6960062618986419
0.6938678109172558
0.71066091248547
0.6248597605627085
0.6930836580469361
0.8371893454955235
0.7208550725963545
0.63932271134634
0.5905587065841706
0.6661651690212828
0.6240178281815243
0.6846646995749327
0.6587502058554079
0.7370210657099994
0.6679190255909183
0.685956029295272
0.7005943833841276
0.6547572488597989
0.7097033051897387
0.8602136109802329
0.8279794915241899
0.6444698557794211
0.6959295264847846
0.6203411141473097
0.5774785286670623
0.6324700921436929
0.6016234366353318
0.7883588196531565
0.8092513884838879
0.6616056310144112
0.6709445272663487
0.6783324707898952
0.6608208222743335
0.5971325075084056
0.8170849724640435
0.836827072070204
0.9081944314970736
0.5401063125899315
0.7634618023240505
0.7723403435201551
0.7779628224249815
0.6550014991891351
0.8732969469100376
0.6785616208714993
0.7519899654214005
0.7325246365614676
0.8352568361260204
0.7249355153679669
0.7005715925574081
0.7669389782811121
0.5096238708787088
0.6042855788367485
0.5994616012058955
0.6811468231862694
0.5779711799415758
0.657180181173707
0.6167020305657598
0.5908435799664378
0.6909086499901027
0.6011525148293139
0.7028725529262888
0.5760567351169412
0.6422862874859137
0.6907808383153797
0.6611645640812907
0.7557935800901476
0.8521977189149166
0.6720577384484445
0.6468085192666903
0.6393553889356697
0.6370545507506815
0.8752108295779277
0.8024049319508434
0.7387460891302924
0.6982828664437475
0.7846459473342706
0.7000681875557059
0.6585213252065314
0.5478588944649303
0.5824811467010328
0.6279374678093983
0.7877570213034503
0.7919536876787694
0.6940437367442269
0.8401140444798366
0.542812035483906
0.733344446423234
0.6756784408687729
0.7509512647029807
0.6695291891183207
0.5795876991478106
0.7254001250738907
0.7304278490723894
0.6407496445051651
0.5898422536017758
0.8002220400822959
0.8748542060991044
0.7398964874278405
0.8095974700966562
0.7841600541009645
0.8385135378876105
0.5984171949098528
0.7215206939074358
0.6231597368366404
0.8325261893028519
0.6984436743518156
0.790249918705185
0.8740529869251853
0.6264107864055419
0.6720800726479241
0.7059095986618873
0.5556144956396686
0.6521034290353784
0.7621703744331902
0.7739725939000056
0.6994939860736524
0.8619516991502832
0.7366806119010222
0.611324273529889
0.7214824621270723
0.6119698850208207
0.6821454522306547
0.6700319625598284
0.6475477339705391
0.5193098326604272
0.5548135273142729
0.6131703322144341
0.7765541611366369
0.9257962794593289
0.804054268817166
0.7575067957992472
0.6908904244848368
0.6602324297870523
0.8844407238185843
0.734011640008506
0.7427557393947632
0.7781915105380227
0.5672476034276759
0.5455482585555492
0.5927527335786574
0.7097860069028423
0.7308404552567953
0.68428029624234
0.7442894900945111
0.8264966228566047
0.7180266047237966
0.7047965575104104
0.7175697148020076
0.7431919231776046
0.7419498815123318
0.785830294458938
0.5902362572060186
0.6414779187724342
0.5503755341329306
0.8046244221024839
0.6820984139564188
0.6887072619324619
0.8341382322140217
0.8037190016304678
0.7300174382998315
0.7660670474800885
0.7768309230302687
