-5.684341886080802E-16
0.005118776181964506
-1.691768418476429E-15
3.383536836952858E-15
2.7068294695622863E-15
0.0
2.2737367544323206E-15
1.3864248502636102E-15
-2.6177890264845795E-15
-1.9505094707140007E-15
2.4868995751603505E-15
4.0602442043434295E-16
0.0
-1.9129996732002696E-15
2.507797890918001E-15
-2.0670334131202913E-15
5.572884202040001E-16
-3.197442310920451E-15
1.1600697726695512E-15
-1.0335167065601457E-15
0.01495316981083399
1.6524249668839539E-15
-1.209434443846979E-15
-1.8421478334521115E-15
-5.167583532800728E-16
-1.6524249668839539E-15
1.1842378929335002E-15
-1.0335167065601457E-15
-1.5117930548087238E-15
-1.6148698540002276E-15
-2.7864421010200007E-16
1.2918958832001822E-15
-1.8947806286936005E-15
2.9743649403911172E-15
-1.9829099602607447E-15
1.876905339743661E-15
5.465713352000771E-16
2.8948037382818895E-15
0.0
0.0021698084770652376
2.418868887693958E-15
0.0
-6.047172219234895E-16
1.8141516657704684E-15
-1.7763568394002505E-15
0.0
2.7864421010200007E-16
-5.684341886080802E-16
-1.3219399735071631E-15
9.634477773018308E-16
-3.0235861096174476E-15
2.7864421010200007E-16
1.853589745461131E-15
5.115907697472721E-15
6.047172219234895E-16
1.8947806286936005E-15
3.089316242435218E-15
-8.526512829121202E-16
-1.1145768404080003E-15
-2.6885400812544333E-15
-1.578983857244667E-15
-3.935313613440555E-15
-1.6397140056002313E-15
2.9605947323337506E-16
1.5363086178596762E-15
1.3932210505100003E-15
9.267948727305654E-16
-2.079637275395415E-15
1.9829099602607447E-15
1.3534147347811431E-15
1.3219399735071631E-15
3.947459643111668E-15
0.05101507288413663
0.0
9.473903143468002E-16
-3.0235861096174476E-15
0.0
-3.875687649600546E-15
2.210577400142534E-15
2.1862853408003084E-15
1.2918958832001822E-15
-2.842170943040401E-16
8.745141363201234E-16
3.9474596431116675E-16
1.6397140056002313E-15
-1.808654236480255E-15
-3.39824786667874E-15
-1.9129996732002696E-15
1.6148698540002276E-15
7.894919286223335E-16
4.618527782440651E-15
0.00980344448699462
-6.315935428978669E-16
0.0024159939061249793
-1.7053025658242404E-15
-1.2631870857957337E-15
-9.689219124001365E-16
1.7330310628295126E-15
-5.921189464667501E-16
0.020316223419588
2.7864421010200007E-15
8.881784197001252E-16
-9.689219124001365E-16
2.5263741715914674E-15
2.9605947323337506E-16
2.842170943040401E-15
-2.162521369704653E-15
-2.9001744316738784E-15
-1.3534147347811431E-15
2.105311809659556E-15
3.1579677144893343E-16
0.0
1.8141516657704684E-15
-2.2291536808160006E-15
0.02651295341249884
-3.304849933767908E-16
-1.8947806286936005E-15
1.6524249668839539E-15
1.0931426704001542E-15
-2.9001744316738784E-15
2.842170943040401E-15
7.894919286223335E-16
1.6718652606120004E-15
-1.2918958832001822E-15
1.1145768404080003E-15
0.008617355426193714
0.0
0.0
-3.126388037344441E-15
2.49313240617579E-15
-9.800589458760002E-16
-4.4662686247777725E-15
-2.162521369704653E-15
6.178632484870436E-16
1.1145768404080003E-15
1.6148698540002276E-15
-1.2918958832001822E-15
-6.047172219234895E-16
-1.3534147347811431E-15
-6.315935428978669E-16
2.681293342490944E-16
3.4660621256590254E-16
2.3684757858670005E-15
-2.3201395453391025E-15
3.9968028886505635E-15
-7.681543089298381E-16
1.0931426704001542E-15
-1.3219399735071631E-15
3.8407715446491904E-15
0.005133809019602925
3.739698609263685E-16
-6.609699867535816E-16
-1.3219399735071631E-15
1.2918958832001822E-15
-2.3201395453391025E-15
7.681543089298381E-16
3.2297397080004555E-16
-3.383536836952858E-16
5.362586684981888E-16
1.8947806286936005E-15
1.3406466712454721E-15
6.459479416000911E-16
-1.0658141036401502E-15
-6.767073673905716E-16
1.9203857723245952E-15
9.318593255870167E-16
-1.5117930548087238E-15
2.3296483139675414E-15
1.3158198810372225E-15
-2.7328566760003855E-16
1.6524249668839539E-15
0.0
4.263256414560601E-15
2.3201395453391025E-15
3.8407715446491904E-16
1.9601178917520005E-15
2.3201395453391025E-15
-1.8947806286936005E-15
5.362586684981888E-16
3.157967714489334E-15
-4.392446002880619E-15
0.0
0.0
-2.0301221021717147E-15
0.007277197383599833
2.0724163126336257E-15
-5.465713352000771E-16
0.0
2.426243487961318E-15
-2.7328566760003855E-16
-2.3684757858670006E-16
-4.98626481235158E-16
0.022556445199722563
-1.3664283380001927E-15
-1.3534147347811431E-15
-3.304849933767908E-16
-1.209434443846979E-15
2.991758887410948E-15
2.842170943040401E-15
3.0235861096174475E-16
-2.900174431673878E-16
4.659296627935083E-16
-2.1862853408003084E-15
-5.465713352000771E-16
1.3158198810372225E-15
-2.3684757858670005E-15
0.033634390780607294
1.4802973661668755E-15
-3.3720672205564077E-15
-6.047172219234895E-16
0.042815119246766314
-6.932124251318051E-16
-3.4660621256590254E-16
-1.2357264969740872E-15
-3.643808901333847E-16
-3.1579677144893343E-16
-2.842170943040401E-15
-1.2918958832001822E-15
8.120488408686859E-16
-1.6240976817373718E-15
0.0
-2.162521369704653E-15
1.495879443705474E-15
5.362586684981888E-16
-7.61295788314393E-16
4.0602442043434294E-15
2.842170943040401E-16
0.008280494183488878
-2.6645352591003757E-15
-3.089316242435218E-16
-2.2291536808160006E-15
-4.179663151530001E-16
1.2180732613030289E-15
8.359326303060002E-16
1.544658121217609E-15
-1.740104659004327E-15
2.0301221021717147E-15
8.359326303060002E-16
-1.6718652606120004E-15
1.2043097216272884E-15
2.742445646793369E-15
-2.583791766400364E-16
-2.842170943040401E-16
-6.178632484870436E-16
-1.740104659004327E-15
-3.552713678800501E-15
-6.315935428978669E-16
-1.4575235605335388E-15
5.684341886080802E-16
-8.043880027472832E-16
3.304849933767908E-16
0.01220103045241147
3.315866100213801E-15
-5.015595781836002E-15
-3.0235861096174476E-15
-1.6718652606120004E-15
