6.945333487570082
6.478862845547318
6.377567358098472
6.340010259057887
6.676090544840391
6.954824148808448
6.644597820439913
6.250290693606957
6.889480264776744
6.461661217158598
6.1405058800247
6.8603464634022755
6.394513422075153
6.880833585561034
6.4051798820595955
6.330201293902801
6.704170729130743
6.46174267183658
6.606354666948335
6.339495193055254
6.14812679101149
6.140097594125052
6.072317963286698
6.400709364635363
6.485526923150695
6.399220539271363
6.463755535842588
6.627033178802776
6.193391390284712
6.759156195559329
6.4334282834925425
6.318809283836521
6.827212143462166
6.730587429828959
6.509844831907353
6.65712361452478
6.715642098239381
6.434775278217389
6.6937209090405645
6.280782791545253
6.621566961077515
6.471001824742941
6.583661964547951
6.508235106803861
6.938193277082571
6.64801720289007
6.41735243823136
6.407782411755533
6.5475142742580115
6.644809248488179
6.711721738408373
6.5640127947217275
6.668514458198129
6.503890296810437
6.727821789594175
6.144649005782887
6.59513274431703
6.826247082313752
7.074789761998778
6.877615090392363
6.604143855859352
6.356285634958925
6.383762242926023
6.739787340204903
6.136059668788614
6.961906191194186
6.507414069600332
6.8370902794153
6.715968136680793
6.014824687927441
6.479682967944026
6.511278573167584
6.969369255825791
6.20450728774535
6.691403086981738
6.46095388730984
6.3151862475400025
6.305523109730535
6.294171933237127
6.648270346674097
6.646465098771091
6.603262635413989
6.1279237862550655
6.269461747069355
6.780800092009549
6.372463943601735
6.425948255416304
6.562073474748009
6.570452094684591
6.519343720798833
6.546866133731496
7.123116034091961
6.532808397054585
6.0997696893310165
6.557254676418815
6.944629994255186
6.486139424911886
6.554309944536852
6.335475349897223
6.678126153524286
6.547054693408379
6.403837426144982
6.17399603884545
6.551072885670564
6.475415731242546
6.3386777751854515
6.961727482769473
6.319385292166769
6.348931976549333
6.216030098555259
6.965079101896441
6.492531457305638
6.6906062134211925
6.625444731185369
6.601699425805401
6.027973476884006
6.525354537990573
5.828959016776974
6.581527691415449
6.0380931818399395
6.624139484897411
6.183579331544167
6.774888734336355
6.559517333623034
6.362440090954306
6.487481345174388
6.183318595555319
6.120553743300123
6.550168998610031
6.539630905809127
6.537338818362024
6.342562015831116
6.791726528805334
6.654180438168084
6.294303215265494
6.284438758309268
6.261127723956534
6.8178217033190585
7.124444569046868
6.516694587065785
6.738389789134637
6.607619595653328
6.339573642135545
6.462094338800048
6.029555225477859
6.832696682447494
6.409588619332475
6.471910791743239
6.395483406169066
6.497282026868019
6.553801415769611
6.3017510849725396
6.671716254177314
6.456706193924947
6.449190390185669
6.285568879259083
6.487386390581917
6.976689685572471
6.158058856059659
6.915662658215237
6.498513213187435
6.116892623910069
6.79815856431078
6.4957742257230064
6.727062201337961
6.7093126712587905
6.745556733203209
6.2856947205341305
6.410382137732635
6.344679239105917
6.522940887864764
6.283012813461432
6.806906711656964
6.303449829951933
6.238734257602445
6.370850283215636
6.923276527251912
6.52549649276162
6.840396094226936
5.760956500189061
6.573287721921512
6.3244887739985725
6.541224549160555
6.28885104594683
6.413151318961026
6.387059226530723
6.395154786941392
6.415387611344408
6.113524640734304
6.5575097046238096
6.880336408969462
6.246664885665725
6.525271252529776
6.657378222525488
6.71204206354752
6.348341757752684
6.6487654167955705
6.691760170613506
6.472851518767849
6.595360591714754
6.548567241441946
6.238916464656556
6.4375139270651545
6.570822305759292
6.133872830109293
6.622372788379764
6.684805027191958
6.864205408089368
6.527985936768443
7.1416950423724765
6.3905041870906105
7.042661947515949
6.10203803112824
6.429703196386659
6.489891773106253
6.349702568616721
6.628077243956193
6.700575529834368
6.452547985798135
6.666757127500219
6.66808510028299
6.690106182030507
6.770040723950483
6.723649464127244
6.380319557384574
6.670022039020358
6.528574873203541
6.775211826963222
6.458534556852243
6.5635349720220875
6.292685291094948
6.4886133343325705
6.325068602485442
6.787983569429136
6.35171151200183
6.40598973038578
6.244726551958328
6.427480525397141
6.947918852629336
6.415584344496452
6.395190069302796
6.932224430893933
6.9335003595366596
6.785284697518144
6.679410016168501
6.511303560559426
6.446811224167971
5.980563858957495
6.766242305147793
6.090032701916516
6.46083262857299
6.562116161171743
6.307887970833063
6.549359287618817
6.785450649273133
6.518310801466952
