0.24917418637689612
0.25540245206624834
0.19658993907114664
0.2227980642301805
0.2357331939651128
0.25525453486878485
0.2233768133173652
0.20158548986618063
0.18793391030334144
0.2460536056015975
0.19773200028607552
0.20039001494312095
0.21500068549269552
0.24544498741313983
0.2631772672886489
0.2600345936928007
0.21031761688705852
0.2009857842669284
0.2933269852857655
0.2455979100156277
0.2610677493172053
0.1950041950374693
0.23307864034750975
0.22895006190767875
0.27122895777655653
0.22014459859505991
0.19145795012044023
0.24668740378064863
0.23944622930393672
0.2585382190728162
0.2293135114217058
0.23930716943141958
0.2313708771687945
0.23941167874059793
0.22472990197234988
0.2294098839775183
0.28684820011189904
0.2740690024494032
0.20625071725779162
0.2233716372813514
0.22070237204471815
0.24596034596889996
0.23976455790887297
0.23416053859660643
0.2557615618902077
0.2745090205257486
0.2541865362171698
0.21965955875793405
0.2264559741052061
0.3014938253509302
0.2240437725998602
0.24180635053583388
0.22883835995780955
0.23995570447622785
0.23852201507971732
0.21954029005200387
0.25242751797179414
0.2507267878135435
0.30508732053989795
0.2062626494967038
0.21770587200245417
0.24585912447273503
0.2506581497537273
0.21166821893203133
0.1919460248753253
0.29093181745349384
0.22868855587707607
0.24241474099723387
0.23803574446044748
0.1989150349781655
0.1962719335340767
0.17106995083169377
0.2716261060529476
0.2565868266147281
0.24031411984500756
0.26077849590775015
0.18744123587908
0.22059637290606718
0.22089896785038418
0.19835874623096802
0.228993124594173
0.2256639356722454
0.2642214001484307
0.1830881531217658
0.3073025862087571
0.26401471564077383
0.23900047057659216
0.2564145072967371
0.2130283977526863
0.24387493389991943
0.17698063453436036
0.2363587878280306
0.2186528941238273
0.24360533364752177
0.23200208729954733
0.23128927030575197
0.23688697082849006
0.20828658685423615
0.23102788601564533
0.27821414818468854
0.24028502419878478
0.21310757044877995
0.1968529021947236
0.22205505634042746
0.20800594272717476
0.22822156652497746
0.2195834019518027
0.24567368856999988
0.22263967519697278
0.2286520097650906
0.23353146112804254
0.21825241628659967
0.2365677683965795
0.28673787032674436
0.2748847531999651
0.21482328525980698
0.23197650882826162
0.20678037138243652
0.19249284288902074
0.21082336404789775
0.2005411455451105
0.26278627321771875
0.26975046282796256
0.2205352103381371
0.22364817575544954
0.22581047940618704
0.2202736074247778
0.19904416916946854
0.27236165748801466
0.27894235735673456
0.30273147716569127
0.1800354375299773
0.25448726744135025
0.25744678117338504
0.2593209408083271
0.21833383306304496
0.2910989823033459
0.2261872069571665
0.2506633218071336
0.24417487885382258
0.2784189453753401
0.24164517178932224
0.2335238641858026
0.25564632609370413
0.16987462362623618
0.2014285262789162
0.1998205337352985
0.22704894106208984
0.19265705998052512
0.21888697070400634
0.2055673435219199
0.19694785998881262
0.2303028833300343
0.20038417160977123
0.23429085097542973
0.19201891170564706
0.21409542916197122
0.2302602794384599
0.2203881880270968
0.2519311933633825
0.2840659063049722
0.22401924614948146
0.21560283975556346
0.21311846297855655
0.21235151691689377
0.2917369431926426
0.2674683106502812
0.24624869637676403
0.23276095548124914
0.2615486491114235
0.2333560625185686
0.21950710840217713
0.18261963148831
0.19416038223367757
0.20931248926979942
0.2625856737678167
0.2639845625595897
0.2313479122480757
0.28003801482661217
0.18093734516130194
0.24444814880774485
0.22522614695625764
0.25031708823432686
0.22317639637277364
0.19297667446675582
0.2418000416912968
0.24347594969079656
0.21358321483505505
0.19661408453392515
0.266740680027432
0.29161806869970147
0.24663216247594683
0.2689329558386024
0.26138668470032156
0.27950451262920356
0.19947239830328425
0.2405068979691453
0.20771991227888006
0.2775087297676172
0.23281455811727186
0.26341663956839506
0.29135099564172845
0.20880359546851404
0.2240266908826414
0.23530319955396242
0.1852048318798896
0.21627413023319358
0.25405679147773
0.2579908646333353
0.23316466202455086
0.28539226418464236
0.24556020396700748
0.20377475784329632
0.24049415404235747
0.2039899616736069
0.22738181741021823
0.2233439875199429
0.2158492446568464
0.1731032775534757
0.18493784243809103
0.20439011073814464
0.2588513870455457
0.30859875981977625
0.268018089605722
0.2525022652664158
0.23029680816161213
0.22007747659568414
0.2944532608400591
0.24467054666950208
0.24758524646492108
0.259397170179341
0.189082534475892
0.18184941951851635
0.1975842445262191
0.23659533563428073
0.2436134850855985
0.2280934320807799
0.24809649669817033
0.27549887428553493
0.23934220157459885
0.23493218583680336
0.23918990493400252
0.24773064105920153
0.2473166271707773
0.26194343148631277
0.19674541906867296
0.21382597292414474
0.18345851137764355
0.26820814070082794
0.22736613798547298
0.22956908731082062
0.27752910260961294
0.26790633387682244
0.24333914609994398
0.25535568249336293
0.25894364101008965
