-6.118027019525471E-17
6.058385878916315E-4
-1.5644741872703683E-16
3.5670862982323864E-16
2.867349770466895E-16
0.0
2.293141364998526E-16
1.341456644035304E-16
-2.142271880558323E-16
-2.2282035775327323E-16
2.402438677438754E-16
3.557979474308908E-17
0.0
-2.0471481029359759E-16
3.0912265135252416E-16
-2.5473132785582676E-16
5.2448353655481584E-17
-2.9835935125189045E-16
1.5452384240316051E-16
-1.2011818072303453E-16
0.0019095124133669257
1.5743876815671652E-16
-1.3926807067694607E-16
-1.9767802433378443E-16
-6.483351217716952E-17
-1.7053909713410666E-16
1.0523220974806326E-16
-1.1541615058790536E-16
-1.753448750371261E-16
-1.8530667024467912E-16
-2.979603382838794E-17
1.4678079355848052E-16
-1.926395636569284E-16
3.1740069243152777E-16
-2.0535934687962247E-16
1.9403904501093526E-16
7.00378317254293E-17
3.698851654649429E-16
0.0
2.31583157020217E-4
2.418687771265942E-16
0.0
-6.606798381589869E-17
1.9581471359661478E-16
-1.964447147444119E-16
0.0
3.3110667031862594E-17
-5.845797892115074E-17
-1.3716405579418136E-16
1.3114306748715252E-16
-3.02790698951058E-16
3.0794245067690105E-17
1.9082470618226094E-16
5.662416705511373E-16
6.431726709067595E-17
2.030941173776507E-16
3.5472906833293547E-16
-9.395316989486616E-17
-1.4419224028496054E-16
-2.418914375765042E-16
-1.5615380207728005E-16
-4.566500697536927E-16
-1.9314989960245122E-16
2.78939282060606E-17
1.4417477082882762E-16
1.7466437547752126E-16
9.771041712059769E-17
-2.2120582479406092E-16
2.1084232637022868E-16
1.3427550424668505E-16
1.2012611538241472E-16
3.111332372600494E-16
0.006008810143758816
0.0
1.020733319674952E-16
-3.6611601862487842E-16
0.0
-4.0676845828985816E-16
2.327459137871352E-16
1.9569096764600302E-16
1.3353050255197647E-16
-2.913902639976927E-17
1.1312086651585559E-16
3.4583499735899647E-17
2.22933141101203E-16
-2.2480064453699733E-16
-3.791733797051102E-16
-2.2425268654034815E-16
1.5707281597338717E-16
8.859969660429229E-17
3.7455629648793543E-16
9.772367907203631E-4
-6.341824878568516E-17
2.895759526137882E-4
-1.8100582070021226E-16
-1.262104473132606E-16
-1.0616098194694636E-16
1.652197384821579E-16
-6.477619164325698E-17
0.0025469009414579116
3.0679763910306185E-16
8.867068253851952E-17
-9.26798896157195E-17
2.569018092762318E-16
2.853042911334535E-17
3.06993695510958E-16
-2.0462757282377102E-16
-3.382432865783182E-16
-1.4238165635013212E-16
2.3232695248984793E-16
3.176495788938326E-17
0.0
1.9243539258521287E-16
-2.894218297798007E-16
0.003325231924294581
-3.53332039093346E-17
-2.0207848907552873E-16
1.7585766893389779E-16
9.591487729349687E-17
-3.0378358445184124E-16
2.5813415525979513E-16
1.0065415054988387E-16
1.9970206693597746E-16
-1.3030312255269001E-16
1.1753654582190347E-16
9.010325713341321E-4
0.0
0.0
-3.899937061085869E-16
3.1902728484113054E-16
-1.3615388492384918E-16
-3.8032893836020766E-16
-2.430902445021443E-16
7.17144234394006E-17
1.37759385736353E-16
1.6831131880582734E-16
-1.8019257556551292E-16
-6.018607058579314E-17
-1.4285384492015837E-16
-7.09957823378902E-17
3.323596087578602E-17
3.802687937748293E-17
2.6173477064926984E-16
-2.7536048826894637E-16
3.3781366669410975E-16
-6.793577891435644E-17
1.0223699124278753E-16
-1.3912973190948585E-16
3.4709733738119853E-16
5.192690616879689E-4
3.51899543444747E-17
-6.197164374758176E-17
-1.368972731554528E-16
1.2028214321013203E-16
-2.5286312028551934E-16
7.039942951357696E-17
3.1976167314605975E-17
-3.350130961872469E-17
5.757581034541892E-17
2.0707531665741736E-16
1.7580883467125987E-16
7.096974550285444E-17
-1.0140652585071495E-16
-6.66058405109478E-17
1.8186103515036958E-16
1.2155840893966335E-16
-1.7983248103103726E-16
2.737992628516099E-16
1.4333224736260872E-16
-3.3797215503857106E-17
1.773448773375164E-16
0.0
3.4313132896353994E-16
2.1439649387767697E-16
3.865791134223191E-17
2.423690030635572E-16
2.654007913201165E-16
-2.0152652435072298E-16
6.586145490311705E-17
2.9755178381196916E-16
-4.90040299268205E-16
0.0
0.0
-2.1613264409470016E-16
6.576757475431599E-4
2.3537139692474277E-16
-6.242709332853478E-17
0.0
2.34087700765993E-16
-3.334943054647005E-17
-3.011583853092413E-17
-5.906063295487305E-17
0.002798602580848944
-1.609490228189029E-16
-1.6907769152012017E-16
-3.115268683429393E-17
-1.3124722026673615E-16
2.7860288375917125E-16
3.655547694391014E-16
3.2019547115789544E-17
-3.499792434530286E-17
6.527531114878115E-17
-2.1273937969746447E-16
-5.590467761494163E-17
1.5142959592753213E-16
-1.9871419523654227E-16
0.00328103833579769
1.6436553552349402E-16
-3.9979982168760633E-16
-5.922908462220301E-17
0.005774906596356316
-7.25118083658144E-17
-3.472426589557315E-17
-1.3866192082607475E-16
-3.435960709896124E-17
-3.3925893243837776E-17
-2.873149036747201E-16
-1.2484961149491367E-16
6.535479450780857E-17
-1.3515887053853305E-16
0.0
-2.510146958058236E-16
2.0456001373860386E-16
6.412902306948973E-17
-9.03852429450875E-17
4.205659029970664E-16
2.8742772565813204E-17
0.0010809412984070582
-3.0282409704191055E-16
-3.495993210450286E-17
-2.7567062229386526E-16
-3.65394543283297E-17
1.0506095479119752E-16
7.299684017107162E-17
1.7261122735461815E-16
-1.9852340305025846E-16
2.224553055964544E-16
9.679933975768419E-17
-1.9887840101128665E-16
1.347852937507867E-16
3.022374988191865E-16
-2.674539376799431E-17
-3.046482122485759E-17
-6.756143396215404E-17
-2.0472271551898758E-16
-3.2204617788080394E-16
-6.284553670338333E-17
-1.3413205293987288E-16
6.759675605529182E-17
-9.009340470484302E-17
3.5228805323280635E-17
0.0015509243851828836
4.224907931033194E-16
-5.590581037637007E-16
-3.413582683774389E-16
-1.992474236256385E-16
