3.340381563222833
2.542827350820264
3.012756246264197
2.69920401295789
2.0943992721019096
2.388501414942325
1.8047300871006011
2.7122121170969273
2.2827925979714916
2.182247285977001
2.6344987241719537
2.22765320559685
2.01042539268147
2.4985869014203654
2.2525281866963085
2.384135827669333
2.0482897375922566
2.3229527057466077
2.1544537230725136
2.4626678750772184
2.222790078967211
2.2010840265936857
2.4206164906773844
2.529723503811983
2.060482075576681
2.1407375643179893
2.135523776298656
2.931241388954955
1.973014157977926
2.2981175214280145
2.179314780450563
2.0172516220643026
2.1882390039233757
2.18119532209637
2.3147014322231425
2.4393843030130777
2.3576721308453696
2.84396222518718
1.8564377629217743
2.151526470930889
2.098965493561386
2.5788905990740036
2.213843963126157
2.3305402141003975
2.0802621705026048
3.3977726926410625
2.326069453753323
2.107494158494638
2.311755137143761
2.1512122507832365
