0.14760360632385047
0.12702911093099972
0.12842682478934933
0.1295857841882255
0.12142126454091083
0.1366600604418154
0.12832768868722433
0.15281884036524154
0.1354234265359933
0.13039251154928763
0.13728661629177896
0.13557254585860853
0.13524429183098213
0.12204231861146228
0.13942230062810596
0.15603602457893323
0.12172210773145634
0.16792101083882444
0.12908932307729418
0.13506213042209803
0.13203782148906304
0.12277711598184919
0.14313537492694847
0.12760923992294237
0.1183283752136803
0.13138130353772284
0.11712508332225191
0.12940029626197083
0.11883368678758383
0.11169284693201732
0.14936580278188175
0.15304055989048754
0.1646381558732316
0.13992923276465205
0.1199362147643546
0.12428771655349267
0.1240848750128916
0.12540172901528834
0.13840864366103645
0.16497500260569586
0.12889696879034665
0.1303729530312267
0.12259386660059322
0.11886112292339752
0.1329154554057948
0.1277348296099495
0.17704585489373362
0.1558138654798105
0.11988295529703805
0.14438493137299302
0.1337699908535289
0.12850216969828135
0.12569536513936388
0.14588288416655595
0.15794786548870438
0.11874822654318398
0.13734297385899874
0.13059930922561325
0.14109390413946807
0.14476565770961194
0.1254141623178051
0.14838948349365325
0.12054441951058957
0.15936693102625393
0.1259350621614803
0.14651745096490268
0.12087766339643646
0.12419891242517021
0.1426188209704518
0.1286227239820836
0.1309452246195875
0.12602830191621944
0.15405104731139846
0.14553461814438098
0.15849135592501384
0.12744193217501235
0.12808193670468934
0.14633779275304695
0.13245286050112037
0.1254145662948692
0.11366576693538906
0.15450884694677636
0.12994334017151066
0.11650156406312745
0.12439544874289588
0.13554500964343347
0.12468798119407686
0.13820092602914902
0.10810146444614412
0.12849630173346233
0.14432640540923505
0.1307807693990998
0.17065053133193697
0.14714635106214377
0.11408000099310184
0.15552654495749021
0.14107937390057573
0.11569421272629493
0.1473526589701932
0.12852749229782617
