0.7497254464944451
0.7003629380446548
0.7171524632828643
0.7337202151317769
0.7445485847892515
0.6197361849675823
0.5270876054001697
0.866131212049977
0.6507984670430647
0.9508843719151866
0.4178672608473313
0.6512137598464836
0.8794106893081851
0.6329742027407818
0.6829542529274518
0.5497906891491386
0.586114814936841
1.0610790728571267
0.5087691548570137
0.15984854636636153
0.02499687544603319
0.06350739170027851
0.0364810245232408
0.026408543502420667
0.03084557110986054
0.04145830323909726
0.04412461170643649
0.04176385209345256
0.03809620073761243
0.05758930926832433
0.03618360645272735
0.04615314631557531
0.04856707065954413
0.035368976610667555
0.04645521418548657
0.029098797348947526
0.04946373357421262
0.029499297085936807
0.02704886100956131
0.05797511942615647
0.05538136773693702
0.050439277787889605
0.04512819381349952
0.03389726724225373
0.016812097589081226
0.034295196229841896
0.02515076866202633
0.02435459064809104
0.039145762413541445
0.052248543659468266
0.03239250707256823
0.04999340648820185
0.03362951143042923
0.029061962944080685
0.053774023753332255
0.029028339670339263
0.03606569251513885
0.05458097041355823
0.02688517274199479
0.06754121647261743
0.0331953277256907
0.03580848294462293
0.0598177148643139
0.02469527501823118
0.03589930676566639
0.05014099633651778
0.04488639161894604
0.021911708379925766
0.0378539112930596
0.03637232312070535
0.028752742509667945
0.0355262127208391
0.052489280796480714
0.035778242157201975
0.03430786509944056
0.04631544684482321
0.04551567644490457
0.026757422327352162
0.053262988066929716
0.01971773840651626
0.07300866264468625
0.035011892249842774
0.03217454629125572
0.0458326661006483
0.06523871426749622
0.026178316277148464
0.032572410375779445
0.050834021668695974
0.04632242904656162
0.04079244873063207
0.04785800528291979
0.05297007245177774
0.04826911813170967
0.044437210528329774
0.0513522228232606
0.039671593874692816
0.030507083946504265
0.035855621365725066
0.03393894675565709
0.052072915193331064
