0.7390188955966198
0.6753147998250242
0.6204762216419965
0.6482526675491819
0.6197467654246096
0.5979099728261402
0.5493698370924089
0.7226000206410247
0.6594399617586635
0.6179134275469008
0.5904682279724318
0.6402426908734935
0.5859059826085424
0.6310913277439184
0.7264862309696141
0.5529218998293882
0.7032358026793626
0.5495253914658785
0.6403078521700871
0.6103312071226279
0.6493944316701291
0.6620108226630027
0.6775831888784073
0.6524435477442091
0.6664740490574959
0.6030819370594791
0.6384919663377957
0.7864249893996341
0.618425200783093
0.7450118953346648
0.7364321631840646
0.6627116016027966
0.6388870115412432
0.5674276256932828
0.6317353696645824
0.5778793982269227
0.7312791489702006
0.6338117428242273
0.6926680193004583
0.6579756991764867
0.7245747044534592
0.7019634330355062
0.7092759049374974
0.5404957338125067
0.5844302696415395
0.6898761273747621
0.6035814778708621
0.6780605830570063
0.5878927473754392
0.7008143309268247
0.6544584992283438
0.5908283147764752
0.7131089261140754
0.6930546868761123
0.6526618144597158
0.6524199587201339
0.6758508933328046
0.7358488169336669
0.6879121735154026
0.6616541219378101
0.5838685292926923
0.6203040083206559
0.48343760000524466
0.6673852224967025
