2.875097326658971
6.631559304235314
7.911223816928086
10.851363831525974
12.852647861739662
15.78465383670028
16.042845879341037
21.397229195566464
20.15195185827045
26.49182280327618
29.571963915112892
32.347268199647104
31.53208528991764
32.58989402042071
39.580410004870345
39.47265371574432
42.94807494191145
47.81631948560623
51.83081872355224
52.920807041314426
53.32406520001916
53.11141249218631
54.928603293654156
63.62561755804386
61.78386286477834
65.16436570466011
63.94979994906628
83.22667366999008
78.77844396324247
80.39317242902563
75.65382241497873
98.22230983297237
89.87942537359508
91.05059739364792
92.39540443368189
114.37039742452248
104.0474012839302
105.95110556071586
101.13055089339616
114.85688091504004
115.64044412931497
111.44698331832008
114.28537610640818
118.24890788165816
129.77638666345857
124.40404794759259
146.0035699537038
140.66280570513797
134.79310473237527
136.93717170889653
149.02454625926035
149.29272152579006
157.66343066113782
144.35327967821746
150.07266570431975
144.79226643326888
155.09101988304462
152.72066676301893
183.74943532255597
179.15749781021486
177.05511161122948
173.76572910062083
180.77349987887447
187.327461881354
