7.3232508185807434
6.0320679678703915
6.92359522751653
5.82409038276894
6.411148244317417
6.576909978454019
6.6692847443886505
5.388936246610232
5.538942306775866
5.621186671854531
6.451080590464244
7.34588501249656
8.251176597394315
6.734435772636188
6.968032096450686
7.399863712632243
7.008420607978489
7.431257010983757
6.928465274233001
7.090000602308937
7.282588154764363
6.783323918598413
6.868288866103808
8.669461561823596
5.907426151615163
6.887656506435897
6.682122730609595
6.296752724200536
6.529708701497128
8.041436346144735
