0.014356987470148309
0.006234228569238902
0.010343922312799875
0.0020663342961586167
0.028933250056579984
-0.007932843379274263
0.026409121439993712
-0.002391453480135543
0.011167718762461126
-0.022872376284227464
0.022772385322224566
0.0034512447076857633
0.1114390302727592
-0.007306983588492881
0.020780978131188135
-6.110254391924446E-4
0.07807401985613814
0.015248294525760986
0.020160953070946886
0.010815197591741441
0.018921232323632405
0.011981793813812902
0.011215042057825078
0.07557717796442427
-1.2313129774566058E-4
0.01984859949626402
0.007857565740330539
0.0065013474983050094
0.0032322826146952586
0.025300372298491903
