0.13382744681837222
0.054124830776042465
0.08722972022988067
0.019571085644304098
0.22213942998026281
-0.06597214483266312
0.22753751943332107
-0.017675252256332645
0.08991899928882185
-0.19855326512053306
0.17594724601230327
0.03147553301748277
0.820178439953378
-0.05620525502986166
0.187887197603621
-0.004623587487409168
0.5271708764247229
0.11761113847234839
0.1691270430779189
0.10561173697349936
0.14773969502351256
0.11583022827863898
0.10302879030542977
0.5692338541575901
-0.0010087055198783152
0.19380578257563036
0.06747519365445898
0.05658788649400966
0.025819027135173478
0.2484439266537226
