0.26032371836664525
0.23976358593688163
0.2700436343386438
0.28691420078104984
0.2762292505657712
0.2714984389837376
0.255239076084995
0.24061998655516936
0.2535098864500045
0.24690807610227083
0.24537394864402487
0.17648562960220734
0.14720110730518926
0.11752160737450257
0.13078418507471506
0.1398462448346443
0.155844127241086
0.137652795632304
0.14770497704623803
0.1388969597460887
0.13437461818618676
0.14318504068233043
0.14399274433290368
0.13741509344709035
0.12431376065937405
0.15202119626636965
0.13852005835988795
0.13606640879979692
0.150341047726867
0.1250163263753089
0.12648383822180415
0.13897617934012974
0.14300373561947963
0.12463016457635223
0.13364312283911975
0.12832474684143097
0.11700349100773585
0.1376825246196016
0.14127235279953443
0.1408754672015733
0.12477947959125972
0.14102097147063225
0.16009942184936193
0.1420498023887956
0.14621421391048992
0.13533866419037277
0.13394538264084418
0.14332922705919504
0.14150531353223572
0.15211766558626694
0.12492978294136214
0.12295062279841978
0.1416469672227071
0.15064887279435785
0.14436009564149263
0.13780876906846223
0.14797279742012742
0.13774704390384107
0.1403753734909273
0.15701428111441798
0.13846795078337584
0.1349994018765032
0.1509448696068505
0.14468696922594487
0.14088402041137574
0.137317538337563
0.14074158753686009
0.13911057051212927
0.14213428041090478
0.13574224093293216
0.14014910945697617
0.15254224120443816
0.1289341456087085
0.15266957967893346
0.14681236034481107
0.12801297666530184
0.12692580642793158
0.13584200409668815
0.14042928158665274
0.11968329880267535
0.13396378916742696
0.13257330258087383
0.14642578315729093
0.14316796820116445
0.1336366255808766
0.14362501572122494
0.13732424936652934
0.1410557172829689
0.1321755556529346
0.1375381874775243
0.12671138765893555
0.12345685216585449
0.12780181962236964
0.13392292733297104
0.14085287373255564
0.13467584948872885
0.13665803049373743
0.13980515999442977
0.1413383079229006
0.1450051504880065
