0.7856371973217918
0.6947881391535704
0.8210175496375192
0.6149131387274631
0.8350402056902771
0.7908428157216802
0.7740699255714241
0.7291205893011992
0.6879230241974039
0.6475335303324873
0.8349462482663875
0.805465208756438
1.121101304095698
0.8755126481014586
0.7706886071037341
0.9779213624243499
1.0379472656350621
0.9634631300397443
0.8259144173835188
0.7260533690377411
0.9326913959833205
0.7016854734105732
0.7476371242474582
1.1510443985861112
0.721111398768569
0.7053986400572626
0.7781410589142073
0.7234300502680904
0.8174538802091743
0.8189024224192593
