0.8304925448845314
0.8212686640741232
0.8694697070891112
0.8312876402977755
0.42805204003662345
0.42031086168463017
0.45545433486507036
0.42900459025333204
0.4468324462942371
0.41492011901547754
0.4399269731578453
0.4353949680093579
0.41983101274654056
0.4024134677736162
0.42157958030396464
0.448456485855923
0.4265062037472486
0.4404187308603585
0.4456786070871471
0.4122104203094166
0.4142325770335229
0.45371336594329653
0.44458404197123635
0.4417524976051786
0.45232790524095895
0.43436241134735487
0.44451331196469357
0.43009501363460656
0.42611197882210894
0.44027872522712785
0.4127020701005944
0.4328460952238438
0.41929183964176125
0.4552815490300389
0.4182858454365766
0.4243331402120703
0.44830183323794015
0.4298887703493697
0.42625852863283203
0.4399503410750196
0.42930273683006126
0.42910071734808486
0.43480397880301574
0.41868550950633093
0.45097278989648637
0.4388528159895505
0.4159604164109737
0.422796353872883
0.4017091391264528
0.4518033557057925
0.4205690806875219
0.4282763192233261
0.42704614389265405
0.44017132320054686
0.4331111641145275
0.42683409072698697
0.4279078433904942
0.41695315757230317
0.42528940535613696
0.4076719723421132
0.4349025143881504
0.43926807459348477
0.44625785335986917
0.4448804621548959
0.43751996447435854
0.4372151526472361
0.42766817152931746
0.42312209645421944
0.404371044240351
0.44458876159258975
0.3980623064560666
0.41422151757159253
0.42407847667333964
0.432993172815646
0.4388471528389668
0.4093357501017549
0.4278757145701612
0.44952971008476994
0.4412201815187621
0.43625057847574383
0.4385451946237622
0.4567041191003332
0.43269010648240785
0.44637623157921164
0.46209935685112313
0.4097007652380525
0.42929374201294995
0.44680085689488364
0.4376303495141711
0.42203799171674705
0.4326363236598926
0.42809832403698284
0.42410098720377515
0.4424084015828821
0.45972574018337264
0.4179003504691788
0.41365888568182896
0.42250271430454767
0.42299431785041636
0.43435355991006114
0.42062350855902186
0.4249950377595501
0.45500067891653984
0.40884975958887027
0.4288100055729046
0.43078699101894163
0.4173105902109982
0.43637906839130947
0.45532397945394926
0.4302150812413798
0.43700634779139313
0.43511088594164427
0.42993505340886945
0.44769679150084507
0.4497079645823787
0.4234900817084426
0.45133141330571286
0.43403590189998353
0.43078772750560357
0.4556244400242222
0.4032147548137994
0.38819465098447653
0.43802743071934425
0.42308312602550724
0.4264371566771145
0.417814251911318
0.40983417406574474
0.42739019922356924
0.42575988145142213
0.42690024575624813
0.4165302397214045
0.46133111947661026
0.4576810788992924
0.420366633340987
0.44324687508610433
0.4320566163517424
0.42920058437250563
0.4426411412198328
0.4261985085426805
0.41116853939697523
0.43267168529406086
0.4409098450434273
0.4354551277308662
0.39382659710597134
0.4151562795322888
0.4187965261494672
0.4302038503759953
0.43309181899068533
0.4175834631178363
0.40544442101250683
0.4359291565862403
0.42292772413304597
0.4279608745218364
0.4153152219477031
0.4438957100005053
0.44143505102944136
0.4061294409802969
0.41780566716996154
0.42475666222725833
0.4328174119574783
0.4136933584608461
0.43500717516099696
0.4196987138810727
0.40791419783402433
0.4349056340124569
0.41641062309128746
0.4318027173722139
0.4300093853255783
0.4214596793295001
0.42619885455260303
0.4003296763761076
0.41628150831086924
0.40908224300653834
0.4477068828501575
0.41549089356866525
0.4074015823606505
0.4507551414851004
0.4213382044208015
0.4236170207922988
0.414259515342225
0.4188073720014995
0.4358705230139489
0.4202340535724643
0.4397438805876539
0.4509127820938492
0.3963428273614949
0.4305910285708644
0.425837889373247
0.4142443225325642
0.45792887715845276
0.44052717256846147
0.45240103215047595
0.43777454763218193
0.453934640457203
0.4232151698719533
0.4147935963336258
0.4520810248389106
0.4090786974295874
0.43035531778863295
0.43424100358062634
0.4481287352589026
0.44710505388422966
0.42563611849803684
0.4354986655087426
0.41901522091783344
0.44911715398892094
0.4241348203782004
0.44553943189022427
0.420349648250833
0.4483261353325759
0.44601021735883156
0.44269371072388003
0.46060065096432745
0.45932518145988677
0.4418515989755691
0.4091970373607354
0.4512894381908874
0.4516966616154148
0.42034358285347767
0.4586157394910366
0.4503898034967434
0.4135093778674649
0.4363089282790957
0.4308518002712834
0.43595028524846446
0.45075986917117195
0.4135961137486013
0.41406176445160664
0.41056092538016237
0.41363712612556724
0.40332635897585234
0.42303201568865845
0.4560437529586589
0.4120963831375055
0.4102487682568973
0.4088245937122416
0.4108294772375936
0.4335579321738815
0.4520246332202276
0.4081090363013289
0.4279081937519183
0.40685182129462
0.4362575325887106
0.44112774878753236
0.44583401926109245
0.4239247698170517
0.4561292155518667
0.40794016252980203
0.42613930996644533
0.4233121194987678
0.4438423231051092
0.4521358685809691
0.4604866057731783
0.4221731449596014
0.44076495777800545
0.4175492907218154
0.4371778077693552
0.43877912856867335
0.4174429080285209
0.424501987276362
0.4361485700770687
0.4501421731416306
0.4323342441024046
0.4435749523413198
0.41298537710768146
0.42756611245959564
0.4337636287695011
0.44820714310314097
0.4268161153363657
0.4139622523127228
0.4152017194634708
0.45190498570240434
0.4208325044039064
0.4171719325276585
0.43680314019756306
0.4388745913230767
0.4366717699128906
0.4252771476966478
0.4441138957707995
0.41287731311327563
0.44026282214977736
0.41636569616848823
0.43979104095621635
0.4255909997774713
0.4088811620722543
0.43229935638106604
0.44834797649238706
0.4470682927046378
0.41926832360298805
0.4146194062093074
0.43736011024829136
0.42929533054539687
0.4221057083534725
0.45390490340655515
0.4217590997878062
0.40757233633379686
0.42630590262659673
0.416221175593638
0.44640078527399135
0.43043868500261023
0.4383196160476475
0.44029139731440986
0.4096098437183449
0.4246269660104647
0.4191910314881714
0.4379359542760711
0.41130479456816055
0.43774149970811704
0.42514802206724284
0.43101459872568326
0.43554543273641855
0.4254797748415647
0.43118619325406327
0.4259353324687561
0.4356807581890714
0.45215519473811144
0.4298405679488185
0.4264134522994718
0.4027288107571207
0.45715562430439244
0.42832487257391544
0.4048355407161558
0.4116854605999171
0.4365552878043712
0.42716020422599116
0.4465226016524572
0.4148498276471984
0.4225350323823095
0.42364666614591867
0.4222189222561264
0.4239483815481623
0.41705178050138814
0.40454363249908437
0.43232143056583494
0.414053446066081
0.4288102614680725
0.4186401971576716
0.4217659442695417
0.42765099405313173
0.4555848711883024
0.44241246185607136
0.42714332481438727
0.44290951492278324
0.43502406889507644
0.4455031377810345
0.4277019793596003
0.4422486665663115
0.44397009231753054
0.40748603984172477
0.44829079607722067
0.4147318978780325
0.4097830741638458
0.424989001174936
0.44135466226407977
0.4556071047978336
0.42000560960384387
0.4483998193042508
0.41512774411524117
0.4411583602637531
0.4229814498028281
0.4127088355211911
0.47158774925014185
0.446489069401706
0.3978173986133743
0.4110151455759295
0.430940189245734
0.4076527478046618
0.4382100957332041
0.44491128292788523
0.4070571104707928
0.40996706684455203
0.4226124190061372
0.4303682412798336
0.4101328238478558
0.433658372620399
0.40785726489150326
0.4552848455194237
0.4115354609278819
0.416517174651868
0.41915522069792543
0.41999971983052586
0.4488863373936612
0.41590820665171613
0.4288676604164343
0.43010786551303304
0.43961566694086857
0.432768505181879
0.40499891420746054
0.422631642876113
0.4437795244419639
0.4223009174887592
0.4207941570195989
0.40568804419707105
0.44512412858898315
0.4139431383619526
0.4379053472802624
0.4234197057478504
0.4509658303017764
0.4356575256456175
0.40166576057384173
0.4269141525525131
0.4548124910586673
0.4111484761416221
0.42972697902332163
0.4208066202592451
0.41919642065900975
0.4605650278862439
0.44496717454733564
0.42898078034265685
0.41002151834298417
0.41315687697034476
0.4312325975457571
0.4693726379396724
0.44911191591142996
0.4729660209744029
0.42399203426402027
0.41544495838994616
0.44324344606185145
0.4065719892977365
0.4614561760286413
0.4123649564349973
0.45429339077726183
0.4344612931772692
0.42180051079619063
0.40596384485477005
0.42764033768194537
0.45383722963802264
0.42695371736596555
0.4354181720712519
0.43696628559034584
0.4181499121282534
0.43375361436631504
0.42960844440893525
0.4250581591728186
0.4271465504915889
0.4559580716830232
0.4198443151466815
0.4484927033180889
0.4267103483565102
0.39563962285727905
0.3893159973613215
0.40413657482027776
0.4251504502889342
0.4447955855832766
0.4360168522437812
0.4372636046696234
0.4001294132038149
0.44676052579659625
0.44404703781771704
0.4408905894341256
0.425544324064915
0.45971473965448967
0.4304803331911469
0.43377724432268455
0.44032662266554495
0.40492120992683067
0.43050869509064993
0.439819401644402
0.42521634306001205
0.41969809736863684
0.4189552318754992
0.41680030616494856
0.4217013758308258
0.4390657374504826
0.41460533034707253
0.41488872128486265
0.42190796914331236
0.445771504590463
0.4340069573474743
0.4248091900161391
0.4203019682281186
0.4215157675920559
0.41993524557296075
0.41998568706930167
0.4011678176161128
0.4486812202679054
0.4439289659673034
0.4572044145235118
0.4276842514387487
0.43643038358557706
0.44081036196891327
0.4239834169107173
0.4413096333233282
0.4091688288888149
0.4247301168671663
0.43835909721363975
0.44698447513003675
0.4380005176740899
0.429883354976115
0.4292331903156662
0.4236241831337934
0.4581925119201439
0.4326913055825728
0.4114873656792734
0.4455395112161686
0.4219935324066855
0.4083196612363382
0.42504435151409037
0.41522183144157215
0.43632908383386126
0.44060248491125287
0.4256655715505235
0.43114954946742545
0.4469352971821116
0.4423962526034648
0.4614370436955722
0.43765166784025916
0.4199015421941618
0.4054921623802527
0.42221281295784824
0.4371059636127407
0.41523473958559287
