30.395157315968973
28.756895679323154
30.53841524992257
27.93757128804286
27.31831317125753
37.90433955068342
54.74223834044114
39.501106946832635
104.17835088948851
33.732078290602175
60.7995357961745
36.9509150169202
79.5155078876887
27.13173279092186
39.30427200342714
27.022183413223146
98.49018209009228
30.098464540814483
26.22224116901575
32.66585479743847
20.057677983033276
39.64689477834537
30.107835058083758
44.349332178562406
46.55818789188162
30.897514383481184
30.841453150732026
25.869398917523927
76.63717257532466
83.50484805750033
