9.574262328809139
8.523458480782898
9.845166169869824
9.472383985412351
7.65706304160164
14.057437997469384
34.623293254571614
19.197857784019902
84.11197637045827
15.346206707438267
38.17943676331917
18.91566287081405
57.27531974692167
7.170183172855391
20.411083968099852
4.637627824234087
75.08304118287414
10.285625184642724
8.76912687513608
12.151100860962522
2.614814080108469
17.281166585583822
12.481118737491077
23.240587587493025
26.39876981522265
9.30609972986778
10.554160928722826
5.930062710807431
55.31283527290859
59.56552127477318
