3.707032343376129
3.104034389364296
3.452221328573425
3.057160161383262
3.3165608202458383
3.8562765643093884
7.8538870577997475
5.051994280227378
14.771666415607239
4.176678869568789
6.919268103293341
5.038950627660863
10.12937442221226
3.1678050487825544
5.218633907437047
2.7934339671746318
11.594781658813085
3.6178873963554152
3.017018297896604
3.948609502398981
2.4624471703098094
4.982769078050118
3.8104239651893206
5.466912938491622
6.509364557062028
3.5670704940068423
3.5279513757930236
2.856996156440427
9.696995098934615
10.497990951884859
