1.1676893048425296
0.9200265750413428
1.1129488009388544
1.0365466151283373
0.9296004157623994
1.4301625973824965
4.967415345703857
2.4553101220183415
11.926413174075424
1.9001550017405704
4.344996315165308
2.579505575216851
7.296226538450158
0.837165198061619
2.7100864474523982
0.47941748056488565
8.839170060613307
1.2363499031219272
1.0089380258665153
1.4688105552948045
0.321016297993015
2.17187406420316
1.5796005876198118
2.8648519095768696
3.6908484708274676
1.0743748946499012
1.207289630188677
0.6549114815632964
6.9988006410647525
7.488407175548516
