2.22139903387481
2.142557844555906
2.1248701284606213
2.0980475616943486
2.1434307779683386
2.2464862631266285
2.2548887528238883
2.2227876085991363
2.2425637668885576
2.19244901413182
2.1864407430024357
2.283840946061005
1.6984456709863256
1.0368518438921057
1.0026695183046845
1.046062023743339
1.0564394991937105
1.0956175064080038
1.0617584783703191
1.0414005211752897
1.0416693290616106
1.0372229327219185
1.0465886270965232
1.0026209356161102
1.0076153350312391
1.0796734388794282
1.0942513986196742
1.0265263171404946
1.0273900708755426
1.0153190620040042
1.073184486961239
0.9844749226507775
1.0645261445720973
0.9867363582412769
0.9812873149594522
1.0369543573971531
0.9988099427918252
1.0126656697844905
1.0628288411835478
1.011002123328246
1.029013704441431
1.0339333718041996
1.0177508557939374
1.029984385418631
1.0266744506017518
1.0586617692255655
1.0077423327607373
1.0048787281858054
0.9728014221695837
0.9835247833779394
0.9942249785663358
1.0687664908924714
1.0301148783889775
1.0427522240873786
1.0664917962673193
1.0431822266381248
1.0591006801906315
1.016476150821325
0.9724530675339879
1.0574811671546833
1.0710987165409283
1.0302643781886953
0.9941884578067616
1.0541605702826005
1.0561272323457411
1.0111322175510626
1.048246592284852
1.0215117843100658
1.0390472973713867
1.0378013049429324
1.0038267600402155
1.0212120838057286
1.0162422715170933
1.0289368306816222
1.0101469693780991
1.046776431979034
1.029580639094627
1.027996154726531
1.0332660968675904
1.024408196341603
1.0152568411912442
0.9930445024482977
1.0007337711908941
1.0100504720980197
0.9979512638963061
1.0277294921127624
1.071555685154665
0.9920434378781299
0.9830597874388856
0.9892523550330934
1.0027000532072563
0.9811691634963267
0.9784186755652853
1.0407212865051196
0.9961934724427134
1.0251225801900732
1.0035875040178783
1.0273046056332331
1.009278412031486
1.0859387912912628
1.033068851621766
1.041745355584372
1.0582933505830514
1.0174529756176791
1.0559105152438502
1.0486329350248718
1.030334972427668
1.004797563983877
1.0038251292093248
0.9887384639664806
1.0710251646567954
1.0748724134556644
1.044364610177267
1.0056973902134423
1.0560960612370802
1.007264530989482
1.0121144709352492
0.9919151625313731
1.0233324108872595
1.00895935695825
1.0373747264537847
0.9867556647787186
1.088240430144651
1.024197866126785
0.9996525010814433
1.075768541545237
1.058048672299958
1.082958975241587
0.9898143852079232
1.019349804533732
1.0321293127946782
1.061651912057009
1.029360622180404
1.0541405922792975
1.016948284880915
1.0216860220947093
1.066611317827986
1.0537489550457366
1.0779542812630978
1.0390739787420669
1.041190437540885
1.012538406296938
1.0321275311168798
1.0307021937138297
1.0110188028827671
1.0853890529720984
1.0529268675064083
1.0169144265891452
0.9610977070976701
0.9778405890719012
1.0397776323077863
1.0061664326574624
0.9934578158363868
1.0589894741846893
1.0413249798782294
1.033891544737724
1.0272074363309773
0.9899652868631048
0.9934514439926625
1.0208277714443552
1.0726680524969106
1.0085147802179304
1.0458227235320179
1.0138486579789077
1.0923878211256959
1.0114150433142268
1.0468359053607093
1.0785052111708437
0.99741114923335
1.0943796243580541
1.0272727599220406
1.0238718982586283
1.061299548497797
1.0638198713660032
1.0171062771798796
1.034601523951968
1.1180730709483793
1.0359935899724384
1.0507944548573338
1.0879720493897083
1.0144626640692935
1.0286198705561882
1.0004938861444856
0.9903151452525307
1.0164674740403148
1.0207411053507187
1.0056069774811103
1.0253116458231637
1.0292681221741269
1.0680470429988458
1.0148953909096718
1.0030084665390506
1.0663868479860361
1.0147362558243145
1.078643611065484
1.0289459260486638
1.0301506386949426
1.0862162438337435
1.0498773188431698
1.0212431761643719
1.0308617167368663
1.0598176560555572
1.0568798390311556
1.0464654054760778
1.0166072483263404
1.0277547132452038
1.0595022028421401
1.0499150728580933
1.0559665010659476
1.0194624629424631
1.0424322436162927
1.044657999760287
1.0074120697396094
1.0428341867524231
1.0524828485310815
1.0940764932103382
1.0428274615001962
1.0462023715866464
1.0160461615951424
1.1076948988895006
0.9953668737650847
1.0242461846024644
1.1092460672925861
0.9977103606389529
1.000699759089865
1.0697559507095127
1.0147446730097538
1.0506412347862255
0.9915715200499431
1.0657545361749003
1.033223979909169
1.057793803505462
1.0211642907928349
1.0707438444972748
0.9986515821618572
1.0485653378385404
1.0636616021037657
0.9796466327784057
1.0171141387894629
0.9788857187128647
1.050109255485619
0.9931867306208164
1.0648714387863787
1.020499985899837
1.0117268271676763
1.0760992385691674
1.023580718464398
1.0132984543478216
1.0221882594542335
0.9952702572815312
1.0312441362856113
0.9910463735567495
1.0027933387315895
1.0475021296938585
1.0554624163160118
1.0219783777129599
1.0291185151073627
0.986987197377682
1.0005530174347435
0.9959596031524623
1.0323344540385737
1.000309257790221
0.9980579739493619
1.0160776982650024
1.0727221737771122
1.0365186761774483
1.062734609845862
0.9916236537669791
1.0332569627890065
1.033111151669544
1.0187716317789812
1.060166447648239
1.1126434607324942
1.1138569341289688
1.0059747775283565
1.0380158243416922
1.0450223194279344
1.0246213520782739
1.016849272301008
1.056013193028867
1.052953887394398
0.9983811045985425
1.0374657613836238
1.0296321835803757
1.0375809114560652
0.9881179594559029
1.057785473796822
1.0443100176370284
1.0316184899756047
1.0205612953390741
1.0505408459936465
1.0471725320828176
1.0725912600396155
0.9879629608947746
1.099328929003195
1.0325298790378894
1.0197660209507389
1.0531305357957077
1.0102153742079663
1.0170045170885753
1.0568826548916266
1.0008444413613398
1.0495971758134048
1.103836987514002
1.0410577739642752
1.0901659382096986
1.0495653884102105
1.0419487942730523
0.9754821102431346
1.0537478634146675
1.0314144570783914
1.0211634186133889
1.029195118299078
0.9491701354042921
0.9765017897067216
1.021749379726993
1.060203657713686
1.035321831436448
0.9783017980022826
1.0779959880712904
1.060297689116612
1.050729247749031
1.0239289603342365
1.0519334287633284
1.005125126949907
1.0029168953301792
0.998848045412523
1.0410581105066414
1.0185792903547621
1.0570102112227804
1.022956357424092
1.054602990579348
1.083437437721892
1.032497254747685
1.058014914356997
1.0256770351394182
0.9847847741287311
1.0933171675695712
1.0289429735921336
1.0516958521095883
1.0870254765841942
1.0289487229236105
1.0555390040017711
1.0246532632969325
1.0442503489942392
1.0521937098512257
1.0217505170839147
0.9577475683048016
0.9997783713844376
1.0401404840731003
1.0247790938393866
1.018031330200692
1.0730180205199977
1.0748779959833044
1.0289126363458003
1.0117737227603252
1.1007038351647331
1.0138549165437194
0.9620877430945383
1.0269985063705458
1.021904287219849
1.0230404237545847
1.0639095805865302
1.024102136611224
1.0206334872676057
1.0952114408734097
1.075818141509941
0.9895213295754421
0.9913969566229556
1.0251402533683913
1.0135800403664477
1.022176645993961
1.0519470033569271
1.0548449220980065
1.0541956600293507
1.0252139011843
0.9528268372742265
1.0189611737061757
1.0620722111901013
1.032344129122771
1.0512924483627353
0.9752119320650635
0.9710751773035969
1.0065193754406787
0.9655180796763396
1.042817988888538
1.0226883485403955
1.0445785897636406
1.026664173303888
1.0697106921157689
0.9969278593973405
1.025094948727833
1.0284399142952196
1.006109926276498
1.0169278062194655
1.0020949394444416
1.0531702615578191
1.040729610359922
1.1008377502757885
1.0104561325257617
1.0331235463903683
1.0363043960859228
1.0379611025470339
0.9634684237595562
1.0364015687271577
0.9584287782079453
1.0010129130731644
1.0241315979209868
1.0330498693507133
1.017320206280374
1.0300967922527677
1.0189889989771201
1.0132397430785438
1.0550300110988375
1.0803762310492262
0.9959124331074145
1.0094105913136362
1.0062074321554293
1.0296641765219368
1.042243841779488
1.0226560773685
1.0031808625369916
1.0637770550055377
1.0088570792416
0.9845292938375975
1.005346000427875
1.0170953417020343
1.000296473829276
1.0530983417833932
1.0430869280806878
1.0582769371941358
1.0694221250931664
1.11214047431742
0.9938184249711023
0.9909194106945942
1.0229356518142803
0.9897823084783942
0.9845327890636513
1.0713831695431446
1.0703020586681866
1.0662291264998298
1.0793433596740007
0.9932856894115738
1.017547705124457
1.0345511608159974
1.0002970767035642
1.0167565034710642
1.033372898566081
1.0824329688037468
0.9915960208199606
1.0439089123210505
1.0143193338511705
0.99991455684157
1.0139740323151483
1.0619467271774836
0.9897699638651453
1.0194751848422468
0.9509956409559228
0.9739951434561045
1.0141187990279774
1.050252525399688
1.0217019317648566
1.047073602410963
1.021783873969356
1.0425490833219275
1.0575788779878197
0.9955362589754805
1.0627057714392105
1.0238751923939755
0.9891589026717673
1.0488559959138524
1.050069555582187
0.9966393949773171
0.9930108961429126
1.0443768101488833
0.9888517391013918
1.0130036041597967
1.0028315293317804
1.02382721350897
1.0145063964315248
1.0592502675835587
1.0376836443390516
1.0440761771210776
1.0038604398221032
1.021291719955114
1.016686859766121
0.9679320667516887
1.034207726254616
1.0148591090083536
1.0373982559543635
0.95511187877347
1.0358241115253926
1.029824327281694
1.0278024972880584
0.998805999135005
1.0293831498695318
1.014901517477668
0.9824675650678477
1.0526591545848778
0.9737757236942306
1.048168941902501
1.0410202181512287
0.9700813954048696
0.9890044650476517
1.064589779998262
1.0167625520436883
1.031972242375339
0.9996044610615956
1.0257629637245085
1.0242493637071752
1.0722672549658763
1.0423615261391996
