5.768072507791022
4.801026707831849
6.252752129992281
5.648230087229447
5.977230369000182
5.596330841104767
4.867226103053982
4.969368005185515
5.175077812754686
5.9735304775568
5.079140549832533
6.328350263377977
5.405323456978699
5.765189831099772
6.250669247802076
5.855663098236026
4.857114320294393
5.95973261896676
5.084050294058425
4.592183162402727
5.302269718119583
7.914926261485212
5.690707423126703
4.331105528163317
5.344712769716537
5.060013718215372
6.071205649948318
6.247934208073723
4.861905077038431
4.929617493062935
