0.5030701923013092
0.5070372296462569
0.4836206856250381
0.49107225972850344
0.4932122681044207
0.5060063034299992
0.5260721759716964
0.5095405107369521
0.5134976429084311
0.49643118563249417
0.5296838180048428
0.5413260346207601
0.40140994732887997
0.26641573068943425
0.2500453629685506
0.258997631411019
0.263587203686422
0.26229596249476816
0.2560893770306408
0.2653791822269313
0.2450835171452697
0.2615019479299458
0.26484936696088496
0.2541591167594854
0.25821202358274575
0.26890010702337536
0.26559392674638443
0.24856524738585595
0.2511848100555798
0.24911634062374324
0.2662804696271459
0.25152134311302743
0.2717511701171885
0.24886800670206896
0.23859796951471288
0.24889910667469767
0.25027835035886825
0.23771247730711217
0.268055638847887
0.25299404383077556
0.2544387666084893
0.26128453924275874
0.25521344774585336
0.24383624043192811
0.25330432454147267
0.2562675115210688
0.24780493048408053
0.2566019219906279
0.2310939503649832
0.256439061918585
0.23684041872842337
0.2704599275674422
0.26351300586931753
0.2598458458065461
0.2775345630689981
0.251772642829077
0.25564378855289693
0.2406824590940253
0.24357125069040472
0.249347958799116
0.26121520470414444
0.25083674208633605
0.23931692093265408
0.2547570231605719
0.2615024165822772
0.25258143829528096
0.2581741341120096
0.24370888251192435
0.2550261664512719
0.26559137404317096
0.24020293049826374
0.2579105841248633
0.24799748502603394
0.25910441568838516
0.2460087923928947
0.2552494598990258
0.260788104803177
0.268039089647209
0.24821356171951897
0.2678507101592283
0.25552454992001333
0.24673765393863759
0.24054270855356524
0.25682237137259684
0.24181808254388176
0.26153157837222635
0.25558388218512323
0.23671295544945248
0.25729127002463775
0.25164545368641933
0.24918699435744268
0.24135965729461048
0.24586262896964345
0.2620643534371144
0.2516139077897659
0.25347272228886997
0.25234234083407914
0.24626749783108837
0.2536462493082635
0.2698134575796887
0.2628445292272142
0.24782261612204579
0.26615304988978655
0.24671055774719472
0.27242360847926933
0.25312243766832304
0.2579779881695924
0.2413711316790927
0.2501646325098822
0.2532805993762247
0.2677720327559121
0.274417785316381
0.26434150364592807
0.24621054989801996
0.2652887239929761
0.25274570709450705
0.2551573121330372
0.24349055119930715
0.2532942498286902
0.24474305230548615
0.2486737298971736
0.24044709591730248
0.27191130712345046
0.2508693332050471
0.2543849951570917
0.2654975146371825
0.25351855581995714
0.27201344364520186
0.23660465213926005
0.25387127304835727
0.25888986840546546
0.2625855365498299
0.2499231043573537
0.2569139929007794
0.2515726235635067
0.2599102079711782
0.26181479222128
0.2629686864517308
0.2546445474538701
0.26082144336130225
0.2611433551425268
0.25284761422173363
0.25423817976443563
0.2470517758227748
0.24999507729456155
0.27317092781542734
0.2503941995129094
0.23766474605352275
0.24554371390083551
0.2389108915181027
0.2568803287969177
0.24897896740281059
0.2530248007300374
0.2440538401189505
0.25664876630428035
0.25510277498841744
0.2470768914203541
0.23928699524541538
0.25509140587650114
0.2560690337672258
0.26476643688814555
0.26240529916757654
0.25058719883272285
0.2514357160951514
0.2707437121156783
0.2588889022262095
0.26046765397888666
0.26557217252135906
0.23309058012669442
0.27136372846949036
0.2467040783407701
0.25641745450478454
0.2603726921528591
0.264963671171942
0.24333689933456992
0.2744465977694064
0.27174188186452675
0.26025702420309843
0.25963051984767865
0.2602322472600837
0.2314344152097239
0.26111612248268057
0.24714270064994182
0.24318698555744744
0.2595875846056707
0.25088832483582313
0.24697876229023977
0.24246831118126494
0.24771946378480827
0.2750504814096478
0.258729434069
0.25597209595200593
0.26370500335614105
0.25719603585420003
0.25794203381609904
0.25738539833261537
0.2592905062304005
0.2587038664198363
0.25891021847429546
0.2523807481077535
0.24517228678920389
0.2672068848057738
0.2538299669003368
0.27099626756589995
0.24612438946074983
0.2701934354203717
0.26507446207693847
0.27129379257148484
0.26115907972270297
0.2523987931296099
0.2569456736815201
0.2683496717273698
0.25227333377941913
0.25950319094039015
0.2648065717299329
0.2693774439918306
0.2539689856855437
0.2629394802723166
0.23758204496839372
0.29264450098664246
0.2527546712818368
0.2707413600895085
0.2849518732192763
0.24540558187274109
0.25509230395586957
0.2672229391253035
0.2552997705714958
0.2668701280193687
0.24584856772658437
0.2643930051365533
0.2617694424158772
0.2584809030711498
0.2518658549904526
0.26410220209282836
0.2503759692578784
0.2678471803838994
0.2618779350403773
0.2578437480370809
0.24817852969256982
0.2497248559982368
0.2580905695378413
0.2324298144894184
0.2616940255041755
0.247580176178275
0.25092622286727767
0.2694106920475611
0.24997381230606533
0.2502649823390603
0.2534493432027985
0.24140544578140086
0.25880575347126494
0.23743963020965472
0.25469588575501956
0.25880798636866814
0.2545021179004109
0.2563961000640213
0.26204999558960124
0.24478061996914932
0.2532718549246446
0.2492888340766709
0.24569436204500716
0.2452617747931071
0.24455360212968344
0.2545964866523484
0.2719476299425153
0.25837867536225617
0.2762057233586859
0.24299451881703565
0.257011780089113
0.255543290492178
0.264496349836601
0.26684475295892424
0.2679096447018792
0.2687993580668672
0.24417579550723043
0.2516761950754882
0.25064941534443486
0.25884027801438736
0.2442859271426526
0.2650990470503991
0.26536465139998733
0.2547821470917031
0.2604632596975782
0.26438018678642683
0.268489192952435
0.2393218296661307
0.2613139647279653
0.25962947764287364
0.25117548144210977
0.26213152944320667
0.257157073013002
0.24727152210390965
0.25624524011628824
0.259980216033262
0.2614573584191703
0.24815090882618457
0.25802492914384384
0.2699160524113422
0.23666446359584387
0.2616450994035388
0.2668429826171135
0.2496137440031245
0.27096349425274285
0.27825182387944974
0.269133463839323
0.26248645313560764
0.2631250307286717
0.259831646512807
0.2398905838074165
0.25043498933959296
0.26363025076789415
0.2523625129856794
0.24087966855587342
0.22931162860788806
0.265965851074666
0.26323782353996755
0.27215955875654213
0.2654031148772898
0.23384734090228107
0.2619185872780206
0.2758307111321485
0.2652123747383873
0.24043687105931613
0.2706876478514728
0.26074569967549394
0.2473656049295649
0.24239024134690948
0.25894293575239474
0.24663679856008314
0.2765179309477143
0.25371652590051313
0.25903452836604896
0.2674347226983124
0.24102666394654387
0.2706066498149087
0.243617755116502
0.24908656438961096
0.2706246664790705
0.25975597485707724
0.25712427137832566
0.27026313284694237
0.2730924896222172
0.2698880056938116
0.26716436825853096
0.25209982817911547
0.26780005902069043
0.24994559874660321
0.23638371361148494
0.24527397833509015
0.2619558396491705
0.2447755281107471
0.2548650068416181
0.25519232700316785
0.27423200990633184
0.2484572849761889
0.2636594898537353
0.2702191582410322
0.25026813702914497
0.23040441836487965
0.2584400329384469
0.24666873036412065
0.2488271168243109
0.2621370592920437
0.25052899392030575
0.2507239890462264
0.2630233394870554
0.26418103730180187
0.23610331401264603
0.25460892651798717
0.24896440529610891
0.25724980229153754
0.25216442838489905
0.27151309266763274
0.2571329620906942
0.269648519827661
0.24992001103219158
0.2367691940276296
0.25650805808753147
0.26398303351838365
0.23948543745508682
0.27198245743653254
0.24023883042472502
0.24400935017316183
0.24618925710883663
0.23780620903844416
0.25018790587813095
0.2579919777166975
0.26404364343753844
0.25321853436843256
0.26206476804485695
0.24372343875014776
0.25365502460761563
0.2599507780615822
0.2514044215794632
0.25714240550646356
0.24237567662518059
0.26542285087670453
0.26633840998936015
0.2739963997931884
0.2500736392847486
0.2547044810368432
0.25388828007304776
0.2549276565809043
0.23878981620425643
0.26942646642391105
0.23143212557296045
0.24901505643847474
0.24950648978427886
0.2568632227631038
0.26185048356112
0.24904504138699407
0.25343073614257383
0.25151164483830496
0.2578537158841066
0.27790969520133685
0.24303760678815417
0.25216748402083095
0.24481265968261118
0.2719181318331557
0.264639728734147
0.26124474816739895
0.24429880459469375
0.2532220837725242
0.2617365732405203
0.2553587226775774
0.2501245458040833
0.25135333966030704
0.2550097523959245
0.26095739662127426
0.26297848379197836
0.26094440030543187
0.2675951400772807
0.2728265533788675
0.2441003582570259
0.24398206292591984
0.24564585756791266
0.234863656753864
0.24988088308651082
0.2672533630060398
0.2730276016868512
0.264202753150066
0.26309023539731696
0.24813997502848284
0.26103348836449264
0.2615545536334097
0.2517827983049437
0.26027839970193
0.26666261033871624
0.257918703274148
0.241619471353947
0.2658567101357993
0.2556662331892842
0.25882402486449746
0.24986526524250155
0.26554694261448564
0.24128984181264831
0.24416439783068555
0.24059972241905025
0.24683236742197598
0.2448414654074764
0.2632542052052663
0.26742293648136645
0.2661243158218422
0.25510295734728783
0.26497977035957576
0.26049127198862154
0.24990429673035125
0.2549819845492465
0.2678556047037862
0.23915743530251107
0.25319046568592907
0.25960543991396745
0.24852717101291677
0.2488029734429197
0.25800184596144915
0.2307759841526083
0.24508811360465305
0.25251256930518634
0.2545907854129101
0.25133870403224956
0.2609683015052548
0.2660149979271185
0.2642510504036868
0.25397447357468567
0.2687965514733582
0.25038522161470506
0.2420504517807272
0.25017178469888607
0.25227649546838155
0.2528984226786484
0.23001284643002803
0.24819278955334215
0.24353521270657366
0.24671207209709528
0.24541385582283126
0.26626054549477796
0.2688035020429294
0.24301332094428804
0.25427857791204417
0.23605221691517014
0.2640327993959043
0.25924831458532555
0.2421606995551595
0.24388003243926676
0.2669276177373238
0.24852640409147242
0.24938843001732405
0.2508006365100204
0.259519968881566
0.24471533763247963
0.2695408098180535
0.2538595786574248
