0.14058406470253978
0.0704442797353411
0.5080090715669567
0.23529148455088458
0.2732918408189223
0.27827945388151865
0.03171558107268559
0.14733771410667507
0.07499985656811593
0.1504755868649933
0.20302152184341596
0.24216113522489394
0.17711579824999574
0.16411293404389726
0.31329791166584764
0.04376347394300064
0.10930220258562312
0.2421235364360064
0.09731455057277785
0.04717839812282589
0.0626005249005016
0.6629528073221742
0.26654087441631596
0.06594494786575511
0.10497556330218782
-0.016891834482724324
0.6045696489535913
0.06040672608216766
0.08660387606481033
0.05391123322126035
