0.44641809445261216
0.4447061447749955
0.3354559342154514
0.31410557324892346
0.40528182877073926
0.4695911736081377
0.3931101105420477
0.4663849567473255
0.46044861400615633
0.41808749381539423
0.4286860463727883
0.4483299397349215
0.2937111005229631
0.034148941217107785
0.04349349539836589
0.02753118961219024
0.042981650220054825
0.060846250696423264
0.03505439965940697
0.025306895259897894
0.03148240626041407
0.05289386495355373
0.0526728743325013
0.026020841261313064
0.018304772273495473
0.07020750975309051
0.049824800847169455
0.010157478843020483
0.057956451214872966
0.03685599409112919
0.05489754278077767
0.05742277668184759
0.03501188058700065
0.03402122780435573
0.026316572773658398
0.022381646358489955
0.0393991416593763
0.02159564744748832
0.03903628274773999
0.025414519421155822
0.07044072951037833
0.0314148177168244
0.062092485374500204
0.02565194054900795
0.03778130271940627
0.023539637277407672
0.03070092849184922
0.05124051123153818
0.025587133393500862
0.030136545388007637
0.020209031114161138
0.012417732367883258
0.05350207763770783
0.022830343242945958
0.047755010413818716
0.024945877511051363
0.04576959973879535
0.039524701979266164
0.00501660445298735
0.05257282647225687
0.06151552693531191
0.02095597930520722
0.027448222575250713
0.021666300820011083
0.03966718551639245
0.04119808724716052
0.050417617016237294
0.017895130406892366
0.02885988110767873
0.05840907844932208
0.029070227453607288
0.03080034742803613
0.034991269330425734
0.03754938163826183
0.05594619341800202
0.03859900010979023
0.015977038422492592
0.04400307414601052
0.028592104530260096
0.018081852084631065
0.02168978889854878
0.02825091638748433
0.05274148232575923
0.03371093623823691
0.023810002545038133
0.04765526751917363
0.038160221257189084
0.04407339607442765
0.02163316004608773
0.015388709238845865
0.03723384996325872
0.023858082788531684
0.030716285327008548
0.027080390633549944
0.0358229415566782
0.03910341294169128
0.03145110274309455
0.03264394712634888
0.025625832007547398
0.01758406154073467
0.04013966533906925
0.033521045491036766
0.04544968730935095
0.028582949872448665
0.01816994850209681
0.036198984863694245
0.03610828200761018
0.023026891791627365
0.019302708325650286
0.014828554933606618
0.03825207102667805
0.08244211699759713
0.03687881915599982
0.025540851008969925
0.024984194053323736
0.036929222964269946
0.030806293261125207
0.020283032475433768
0.027977948513340116
0.041863908333720286
0.04365892700332136
0.02048196754410947
0.05823641334484325
0.03991558207339646
0.016178348089096163
0.04543976623544032
0.056934421446317815
0.03185571666893278
0.035132738018990965
0.049393108255228635
0.035340868306214926
0.06801524365902026
0.04696536395687287
0.033567379489052855
0.02211332842279171
0.024035893536494983
0.037340377054906296
0.02980591192893593
0.07381189108926514
0.04208972517539655
0.05326226532409623
0.014653541775304289
0.030141607549951627
0.0206621473357413
0.03814256078820301
0.024218567752435152
0.04348370601702879
0.04739971227281705
0.042425326757595874
0.012466095597657293
0.01185910504997871
0.024018139361797378
0.014289053261913712
0.042637606313611576
0.021584945885147
0.044491688401452026
0.034642555546417375
0.0296515682401071
0.0210427375158581
0.03984421184006355
0.03263657038660882
0.042759111484136726
0.03326739813271323
0.024959280026921826
0.07006715174674558
0.04843149459646908
0.05263382444434968
0.058172790878414204
0.025716728454429294
0.03454845840555446
0.0425532321528379
0.027357135435330172
0.043546045885753504
0.02529957546137217
0.034629581009014664
0.03205162829666134
0.08027838907812401
0.030895249028558027
0.04719118709338443
0.0866009007484182
0.02246360667208078
0.03073174467801614
0.012303014039029095
0.026722578308042408
0.030180509588901526
0.028069910657866716
0.03834546061971298
0.04404835660264686
0.05884180045901942
0.017442969943325348
0.0421198973088807
0.04095504361534081
0.030623555637519617
0.02736502706121576
0.031021474054080875
0.035855917379753806
0.05606805718916331
0.05550635836923366
0.029232441014207477
0.024761609041248973
0.0688147729256565
0.028900184188970793
0.028593491269587656
0.05285298447457928
0.06480808541201473
0.02425226076208622
0.05810382916725991
0.04301148875677717
0.003784416241480338
0.020826144551171603
0.044076094919189526
0.050854832434150114
0.0437045464845942
0.04461486890473456
0.01702298386027805
0.05087740449734422
0.021149984364468702
0.018698444705501884
0.026117427461848308
0.04392393588129448
0.031001790545286213
0.037217820554786576
0.035524130962352844
0.02795127510860799
0.03555347101341248
0.047456114525299915
0.01703831979286766
0.0251559947246556
0.026820433881444682
0.030320961583972763
0.0727015920541385
0.04241876522166521
0.056489643923787414
0.04444858723306995
0.013642042606132264
0.043077406255526245
0.05270964716935422
0.022426902380393673
0.03348488321209346
0.02583152642995803
0.04617867480189329
0.027198356288546634
0.02874160417151473
0.026035083483191574
0.03012323702710451
0.03588317489874207
0.03297262096434554
0.025987931695326018
0.042119046858799164
-0.01102150197318751
0.048215052189231875
0.004257153735962254
0.030667240172070672
0.05131897356710185
0.029885299734688217
0.03950469232358378
0.03813372118834255
0.015915107087311895
0.009413278515415513
0.024303973973684334
0.017265571150725207
0.023630001941948642
0.02165822720356192
0.06628764331401227
0.04433194254785113
0.03456955952520335
0.05914384252120782
0.03805919347623167
0.06065781993533576
0.02519945006083606
0.028474266715788676
0.04786581235779493
0.05251390567280175
0.05556976119748758
0.009733426176128941
0.029001314614386462
0.04622664468128763
0.02232008914282503
0.03002706026451752
0.020529859161909025
0.021994590615806445
0.053081835981944284
0.04032463602801869
0.02846016687802733
0.01398673151335841
0.04460537332110168
0.05177982166757348
0.03296270119800219
0.06860378291071
0.03985590218912711
0.016205220620520933
0.04138413518980039
0.033776071607989004
0.02277201948284268
0.024406230926333178
0.04123570393626539
0.050673736490559194
0.019816282247197302
0.023787031952562147
0.044875983080483406
0.034837724695684066
0.004031103870113468
0.06536557924951891
0.02311280358656255
0.061402228377291174
0.038944668593785314
0.05768873108530642
0.04952803953689001
0.025018314220855542
0.03726560209133334
0.019895178486118027
0.03432519178823795
0.018839787436015634
0.0410549018332292
-0.006401339964716725
0.02698883890745326
0.03758853580651156
0.04211129278891938
0.021173776933154115
0.03533417517514901
0.024419298581852607
0.0636760408884581
0.01954846337216996
0.057820414625672785
0.03085286801076048
0.03335804440631655
0.03743046773365099
0.0671542522918956
0.08930370226581649
0.02541589714481174
0.02178105803047328
0.02688378069018018
0.04442198141367529
0.04211970468822007
0.05171740738991182
0.031708295190255704
0.014640916887519343
0.03674718645519026
0.01725142228592238
0.04466250212158674
0.05785251304575123
0.04156998636824216
0.036361687269033424
0.03142277917156089
0.026915718436697128
0.054526968254978686
0.03562196422235337
0.029051713651740488
0.01892832023663413
0.03568600913730531
0.04107288667501918
0.03333986221262964
0.03147576847924737
0.04635769887155404
0.013592802583090334
0.018987893545445392
0.061248374196105626
0.02022450303525303
0.022002333895900006
0.04580135278684529
0.016899874964583218
0.03710955034488125
0.047627893645071036
0.023602048545162787
0.042106828863844904
0.07945778477236527
0.048126881182565986
0.040243675796241773
0.027978486150429527
0.03298400951140555
0.022615832694920228
0.027122744874145253
0.02441847126032981
0.04500630846673483
0.025257294168116395
0.03131082778458344
0.022897133776435815
0.04827893888484902
0.055231079094263405
0.08616773005777811
0.030372513849487158
0.02137986059128058
0.018814653501445917
0.0312760417784963
0.030088778340617222
0.021586734656138314
0.02728943172981372
0.023682137488248028
0.025662655670999623
0.005408199034552312
0.01771637455640476
0.03262701667356746
0.03743034494645364
0.03921803427702494
0.02416657017934616
0.020777338265319557
0.04367109829930397
0.036637912253033145
0.021453845802516868
0.020195187605989946
0.06182259125172832
0.0251770098534152
0.03222891181041909
0.01984799586926997
0.014082467018871328
0.04775483595276659
0.03898334846527592
0.015038367897508046
0.038976863421870935
0.015190145740706882
0.020976145113540963
0.02226773096023417
0.05736448385998309
0.024087431058238695
0.05419668759504757
0.03726618067515714
0.03476919257247282
0.04225586812074919
0.03132176690687069
0.024039903130988652
0.022843455864893763
0.028285503071517063
0.08600208254250521
0.05366169267013939
0.009869857370566575
0.0412186343241337
0.03289743419038158
0.012189199418313867
0.031216108357195106
0.04601946106399746
0.03054102058354669
0.028002904284024886
0.0353788013361815
0.020337319085549324
0.01979198282729655
0.046900554175224186
0.03234129938969953
0.037736909849225835
0.026331141333360644
0.05169637156919834
0.030630472297931675
0.03608411556740487
0.03977650531349552
0.02091683780184003
0.060736574593946095
0.020844442064220405
0.06207368614795361
0.011194478173387723
0.04425637394507954
0.02321257700705566
0.02228180653741029
0.03663292849153521
0.030829508245288986
0.03747374423372153
0.024694951945331785
0.03377875663114883
0.036845281562585916
0.01638416375069175
0.015359803842479293
0.026527831172455586
0.026115892353878827
0.02594931020313822
0.04131742119481292
0.03549254205836383
0.042074074422318704
0.018182850516717978
0.03827749012404053
0.06834202334554318
0.02608039829008234
0.046087796902276434
0.019981767009800176
0.03430564428369543
0.04493641472960975
0.024133968194663777
0.044052317137105425
0.01919654363896257
0.03964243234854743
0.02333088021752409
0.02903117121670884
0.028038151335817253
0.030399512257447317
0.023289892773026465
0.03750119420163666
0.04372039136814512
0.03996564837535935
0.023806887037481437
0.023332809596864984
0.08769960455604187
0.024776984656292314
0.08370279671962892
0.025560685378107184
0.027568248870871653
0.06187984199686336
0.0841148150105907
0.025351057623838935
0.06588232420748728
0.041956366447466545
0.05280243987569857
0.033791761016672694
0.025947763148908013
0.04033862547444074
0.03605699509167378
0.01703217706509678
0.02621148373682445
0.06627469651978675
0.04780833040235777
0.04024369693592466
0.03778005282118069
0.02255806754671365
0.03617587659901643
0.04789265603726722
0.05355567364838949
