3.6536920640711146
1.8601853806612678
3.324154366258053
3.7825877489152493
2.382919814797542
3.9606942656132773
2.335831550159695
3.630242637231296
2.407111067542841
2.1544945112774143
2.621711109125871
2.574486888082684
2.291017535222067
4.753016802034383
7.236392786152957
4.518255840852624
2.7056437662327832
3.407333006802665
2.4904287114393817
2.3784017545368523
3.580815914706781
1.7874775337529825
3.0002205462804223
2.235497533758978
4.355039595823046
2.2434224112338925
2.707898018711036
3.3626731022782024
2.157429095821094
2.954061512755985
2.341542958716463
1.7717471100415727
2.9093101041882203
2.4963123705055654
2.3837466080653686
3.784812423924992
2.2694395010144945
16.96614772948019
4.598288661569358
3.0122215800613517
2.9410497638010193
2.4309637080724245
3.8680029536848637
10.475426828202997
6.900494808460426
2.476126727368496
2.6025299218480957
3.1674930449505356
