24.361623179743273
11.827396307211103
21.39768682140149
23.881107999142845
15.105139538520303
24.343055691515637
13.724057296251832
22.46049557319606
14.609360896843935
13.536854343442753
17.23507530235676
14.722655363589944
14.90734249620552
28.18753187620711
41.32307843894338
27.87971348803323
17.587826232717
21.228230275560048
17.755848864861093
15.146753140410324
19.660029412245255
12.738196985430486
19.094992204752685
15.85346998801311
26.173675415135477
15.664602048477525
15.877777365867082
20.115298355031573
15.666459719811387
19.56664623121797
14.253739957399693
11.991548393561782
18.560740957470845
16.926712020649717
15.8014800875004
26.35600894950288
16.0801643142338
96.61969980764584
27.21425088593775
18.758598984123214
16.66546451048941
16.068318912636606
25.754171385530906
65.881070413824
40.99277911494631
16.810254996344675
18.259366692979746
21.324326023471254
