0.8006390102989968
0.7359803144448737
0.8137960092162053
0.7885333138749707
0.7575653189814084
0.7687121815147753
0.7658906016075806
0.8475090969437878
0.817129410027112
0.7118924256054814
0.4484731123493781
0.42591426165721435
0.43712234553380036
0.41463718492511686
0.41052379509520825
0.41511161241569283
0.4248991044480653
0.38436001737809183
0.43593954584351613
0.4153919729010697
0.42062330513901636
0.4221120584824826
0.4430200052369699
0.3925431945841043
0.4265426064335459
0.4298806011921165
0.4174056080137334
0.423260921187701
0.4105864077828435
0.3983073726329969
0.44667367357212273
0.4253118355505198
0.45582054621573975
0.42038894937782045
0.4312607824952191
0.4191562044426893
0.4502937093532391
0.4049183382861546
0.4297496767026532
0.4292470787277857
0.41254056770589836
0.43907867611216145
0.4101678618856168
0.4058266607407798
0.4174797069059471
0.4431153093827111
0.42765172310654187
0.4243382192179418
0.39567049120078884
0.4121920492351999
0.43542602529135194
0.4306874545831381
0.43675507048894857
0.4115254681529186
0.41839846656691676
0.44059935722499344
0.42537658666974554
0.4405717163202428
0.44827093574771754
0.4281429495697568
0.43154458690453995
0.4020989101975718
0.42396405148312344
0.4085828736007026
0.38796554220896445
0.4193143972769005
0.4173249759106457
0.4238850455747171
0.43866331626464944
0.3980795739868371
0.4385943823840077
0.4184754742453777
0.44152610997555547
0.4518217952846875
0.43032200422577227
0.4439223418816643
0.43647234898272075
0.4601608419917012
0.423564480853935
0.42989640211991714
0.42922143519977185
0.4436184192779167
0.39299101353718585
0.3983495799803097
0.44342451425098595
0.4391551314423836
0.42280110195658394
0.41615725086139577
0.4021439388118128
0.41296450722673317
0.41526646264215283
0.3986196905112046
0.4286030064415407
0.4403671487821459
0.3933892754834184
0.42167375597967394
0.4345919522466993
0.4147973165612242
0.4020996762956235
0.45168263095071953
