2.7791946845992612
1.179408279603489
2.4169351569846804
2.997023593619338
1.6420652872413808
3.1909544410976993
1.5674271709052572
2.8510969827290724
1.7308477861802265
1.3906337160535902
1.9029577577498422
1.8047414151264742
1.5460251076146436
3.8472790060483875
6.292252464706236
3.7760175315062803
1.9083319210593312
2.5906882769585207
1.7347833651549716
1.61314945862992
2.6868735586420867
1.1285087715349458
2.2447953261292795
1.4947163284098521
3.4867085660600883
1.5428470233760099
1.8883032304983398
2.517610846647856
1.444976241279441
2.187405542390575
1.5982796511954087
1.0766921450358278
2.074850476466584
1.7214544936615874
1.6244758971113364
3.040306078165856
1.4803203362284107
15.98961860700278
3.714365910200307
2.1943608448653196
2.084341738695785
1.7090029941870153
3.07025369853803
9.485214198435598
6.0187961183101555
1.7197721422139223
1.9081854169197243
2.3663413396014374
