13.719461249202553
12.378167322981257
16.9086231520303
17.151864573848087
14.035209201482875
11.006035771555384
16.6203492163793
36.90416330578528
24.292027207513545
15.539712867625548
3.704067334247412
3.643562415316224
4.475662357199061
3.0834526940780638
2.973965298235842
3.5181264767987876
3.37518433232935
2.7848310165347545
4.015773887016338
3.2502709625136954
4.018330227571633
3.878630624720355
4.152608878605855
3.1342854887905096
3.354526897674708
4.092487971160945
3.919904940471671
3.5223844061447513
3.1095647305602854
2.9503650602656077
4.643068766581601
3.8382942799944297
3.753731879379467
2.8572392076872997
4.064347825604768
3.7516858533210096
4.043862116837332
3.0141530565980004
3.940718599585895
4.0130271726403155
2.944060357071791
5.071047341421983
2.515256069949414
2.9721396872684087
3.1190652254897575
4.237393317296944
3.518641052186067
4.199545684954011
2.9830046740464633
3.6055651883704005
3.5607040199246587
4.0532345250936554
3.749073989925257
3.3250961900340723
3.289722555477429
6.110863244383569
3.723265727284139
3.9494194226345463
4.232006231597119
3.4005183905025365
3.8249209435113602
3.373545785809738
3.5386215099014575
3.3634674888133675
3.1527946828709266
2.9140358510893263
4.42058952019424
3.783553681074091
3.9155199286471287
3.316093705503199
4.481506326026955
3.4437326120609115
3.133493879556032
3.9593679872328114
4.785324685780297
3.705089116645754
4.022456552276391
5.060947299157612
3.674466395352481
3.6670202250048254
3.441650121941247
4.054471508436067
2.795512284599253
2.418333516464156
3.623350539742858
3.6841997606692085
3.025274418272009
3.48739123140083
3.2774309956569856
2.7093149269653516
3.7397719417572994
3.1435286607745345
3.132888043147971
3.9053233971183934
2.5725610027244663
3.230381101080734
3.5725471948495615
3.1032226728267576
3.312705211411441
4.360886241373384
