1.6911456911907592
0.17924505139642954
0.8738277861371279
0.7420893122725393
1.0999670663553325
0.8160249178500938
0.22159649669357265
0.22206592212883094
0.4576207896012974
0.038382675405831
1.1315048249578887
0.11669724934211426
0.17670283928399808
0.05887951383532666
0.047477644866597266
0.7214392058805572
0.002065935215616788
0.1447570426284106
0.4739641495665119
0.36463340380184844
0.12399959451942377
1.397079597623085
0.07272908492940533
0.34785327420527634
0.4242127971370766
0.08759088981799343
0.5378799946202815
0.11020752773549755
0.24424474248316605
0.21949767136014955
0.393437992500796
0.6758584667101756
0.09314275169988234
0.7887498921804994
0.08389334243514292
0.12655977399331786
0.29005945154473906
0.07587434990369986
0.23745357590175062
0.529640228379793
0.16857530706962495
1.042568909036015
0.5893960203806986
0.010339883462025953
0.291994930061771
0.44526128758774347
0.1447295361932793
0.5090226509536312
0.11143925674465059
0.8833875146225759
0.34285314227170627
0.2560829835229779
0.6576423787190919
0.08639803303249449
0.7208618310771218
0.1610703133653568
0.3248044724939182
0.10590868795165413
0.3332183235121879
0.04584545834967823
0.27485697815386306
0.2206703099584905
0.1303129875057711
0.530626648126179
0.05142281300208472
0.20193535703822013
0.5957527989370613
0.5335983258328635
0.010228190869765194
0.5141899522469822
0.49930710918651283
0.7183819067893031
0.2949008851917887
1.2156343721605523
0.47608643617452695
0.03691938068875958
0.08728291324407139
0.23132941339744448
0.02377492001673406
0.3616214619927571
0.0749171530991733
0.15567924867549446
0.17598842818902752
0.048650652877450115
0.3320930465456597
0.26016217318915946
0.6772184012060077
0.16449882666174287
0.1764892279622848
1.1063709466186555
0.17117129316994786
0.1298874102171971
0.22762280853598332
0.33334595162185127
0.25441264243171513
1.6043278029390395
0.3622047645412416
0.21171702543085683
0.1464843009286049
0.3213841249246612
0.20104557107280813
0.15393944504231463
2.0163223556826124
0.0825895978000368
0.24672836811134227
0.2641843442126988
0.1357144473627134
0.17893028212999304
0.09233258142393716
0.03846192942296334
0.06447163967366384
0.44566713204090186
0.20947067985351983
1.058664418325533
0.6051639522465262
0.1480121500049216
0.2812574035162523
0.043326714115552466
0.7469242533234539
0.5529643184678716
0.23869006829802358
0.9723507549020695
0.018023550956695698
0.07109373752779852
0.45888883542313785
0.19973376927869022
0.00733810259102454
0.09580072698899428
0.3975655666877036
0.05521234941804891
0.0652910334534369
0.4408750054234511
0.04672188899852263
0.17062828877109928
0.36320528166829796
0.15379313138140469
0.34801072565839086
0.29619579858096656
0.17191752262976107
0.2520591463202085
0.5922656915391411
0.67131029497474
0.11274067782582967
0.5340353193237515
0.23140086470613389
0.18418867842366837
0.04721219118111436
0.237961244232706
0.2034181337749879
0.5078457137097895
2.1736921165785814
0.20224248679548185
0.14732630097857574
0.024322457982344982
0.5818065421114621
0.03267332743369354
0.5012922260271371
0.7779002665802663
0.6297971009031109
0.6257586514986861
0.5558681778008885
0.2739258455565265
0.27579755904191733
0.43926989474614075
0.18634963368613497
0.10283606131868704
0.08016924704512092
0.6401935253736364
0.12150424246734567
0.4559446053744952
0.5429735475505105
0.08350212952763494
0.28444301219435963
0.017997500391239738
0.5571209473234648
0.4662703041822329
0.0375723670442604
0.15764099196243572
0.11171692243627843
0.3212843490344475
0.2539498283261232
0.8876775473952313
0.6826981837195516
0.3641366136455034
0.11227649297517663
0.3547929714105667
0.10409113836842807
0.13349509041796176
0.06648073691390384
0.4762971465883813
0.017599130322186247
0.15091748464446872
0.12886087966507903
0.2175896961396028
1.8819466157498157
0.3174152247274476
0.10888323330113905
0.34997035372475227
0.4485412204494363
0.2053045108262426
0.17314101790036115
0.29490444911421027
0.6370389033686626
0.6055733190592878
0.5642144809930405
0.32839868799031957
0.22919625204087168
0.18093339588011825
0.4137772184891245
0.07429681190505895
0.2631594169042608
0.250336513438977
0.26695322853814224
0.06966353570586718
0.7868183274783691
0.6323699071791211
0.4681766123688495
0.3539717340859526
0.12830768176285914
0.005719356420070959
0.27175667275757714
0.2251431104110989
0.059248787611541766
0.135473379805795
0.5825059671318169
0.2296278042745015
0.6891900567584894
0.153712633277266
0.1264964302592312
0.49970429013642204
0.1843347706499685
0.06046237580426002
0.583357347006355
0.39351468480978835
0.3528244240935686
0.37085283336085695
0.5271313293075263
0.0032588543826874462
0.7589959061505752
0.11583646973829433
1.0347986484039275
0.1963344653464399
0.3333114329043346
0.13234505788312978
0.16225406857198985
0.03641034633604559
0.35601317638136726
0.22647518440616338
0.07722331005000933
0.2055274963770663
0.47480643526953215
0.16302218973087207
0.984846284542112
0.2387193800137358
0.412067028416816
0.2603168166566502
