14.180126340627185
1.7545423851200646
7.579669240961752
6.363711797591649
10.156602710832493
6.996280641156797
2.5325445594370306
2.4416040233148846
4.374060087767327
0.46543144616757964
9.676532202243441
1.2123924106487116
2.1086044822681194
0.7282508495466686
0.582222357556139
6.220447457591327
0.03180353381137479
1.6316912402972086
4.488826591016923
3.9043310917356817
1.5081927162026674
11.904244617143531
0.798130528957386
3.1274941763841277
4.400269636722775
1.0753871608566967
5.537586546806146
1.209882878890102
3.2285660354823564
2.420617760459232
4.282482282463786
6.8106409849596865
1.1137212724335848
7.204479157132584
0.9541844018639496
1.357492812557198
3.5353480828407213
0.9279582982351608
2.4215079841761438
5.144305964654622
1.9803938873828917
10.834604735632237
4.932691603859213
0.17028062797519852
2.971731607517939
4.140600966048659
1.9736445284996231
6.127474464494355
1.2161365577387506
9.616146521158202
3.906418105799652
2.5491623980087694
6.816529209220409
0.9416722809566702
7.207569779926629
1.9860761502139075
4.813091819288849
1.7023308542702238
3.2117473298525456
0.6877630580044384
3.3299472041665554
2.1819539896545317
1.3880160443297314
4.888949744994423
0.6333563983407515
1.9703920735078073
5.22879677964759
4.858103438385905
0.1547926585675883
4.30221591414959
5.287218930591537
8.78345089465321
3.2396946019705704
9.482798945625763
5.631108405070223
0.5507651747495629
1.048995531887928
2.460638483529929
0.32307321282986456
4.024441397672791
1.013434510447458
1.8095183469622644
2.0112216848274453
0.5949747668370351
3.773128570097636
3.0456650987963703
5.7642186464578264
1.6803162728005803
1.8583752214439702
10.78886977480385
2.1047768042869883
1.5879509193185877
2.454358889822852
3.152800042647928
2.98651206661693
13.513756203149606
3.6055218615532474
2.3000712909811543
1.7349994270358198
3.435219725789751
2.2023203805591742
1.844643287892171
16.822197609598206
0.9103125345413982
2.746826983039325
2.6757359149497884
1.6710071335302086
1.9153600995064586
1.197788708124923
0.5632145744524857
0.7286663693504352
4.333591538363591
2.12103774334527
8.293075742708552
5.215621819745376
1.6226021333958676
2.7634249473604533
0.5214448948072097
7.701249771421241
5.914601799708627
2.54519480017292
8.566562769572375
0.27068099768547316
0.986578367743491
4.678900691540073
2.4808342084875
0.10231545631469377
1.2401680228988257
3.585112624002846
0.6241431196836515
0.8408099242804606
4.646313989910046
0.5459443962825762
1.7226999242403338
3.285018819318845
1.918159412691887
3.7440805217909903
3.069611564385148
1.9567067464362409
2.887426448870894
6.028206708970461
6.4477277454251904
1.0133626325798466
7.482430794592034
2.0521664208488675
1.9934303167354617
0.7641835780435576
2.5953393484323746
2.0364916612295176
5.575475727667251
20.82585420709024
2.782908276169357
2.245574257647385
0.3912033053176856
5.439889559626398
0.4639547318161742
4.403696252133091
7.526219859473344
6.077163543977442
5.9292725337554515
5.38269555211794
3.2628784139548324
2.873708592379329
4.725440177399295
2.1378368196456328
1.5353309271616882
1.0238949500775512
5.727138398412136
1.4230908028900828
5.148887081301255
5.152439920140355
1.0495119224068974
2.953643286829699
0.24333928229894658
5.434565641400718
4.985155574143904
0.47781896629910536
1.6476119600717658
1.2084531366164113
3.594570091559436
2.7918930121995778
7.846463333536045
6.657130933587529
3.675394552724973
1.2550740237027576
3.5909305446134354
1.0852793878793876
1.3891151533757955
1.0400044625180556
4.664628415681392
0.2979907779799653
1.3959803580198316
1.4667452412916506
2.5097666754929646
16.992467253452045
3.0154683564572053
1.238324790693568
3.4982250017525622
5.6055340339991835
2.09438858981522
1.9650087636406672
3.0138157047299488
5.260376195961735
4.617324253647079
6.3275615857747285
3.6716356048624506
2.293887394735877
1.9396438818108657
3.626031273465891
0.857253960901239
2.719414528359033
2.4488494317515297
2.599880551057853
0.8157830418257976
8.39095465101972
6.774238001465444
4.79133847704584
3.477633725208131
1.542909378221922
0.08770018633267704
2.6883813834001296
2.3724400745177956
0.7361058171689754
1.6296457974263108
4.506203732311519
2.5151347442415157
6.958062238367728
1.5401512188695428
1.4432189496369479
4.812043609260199
2.3990141710304407
0.9492550850955767
7.421989442385461
4.1202774075768085
3.436601104075891
4.199775030041417
4.862421406167024
0.05093831223473772
7.30810250118192
1.5118037093021264
10.099790129511254
2.287400146984998
3.0222151610108847
1.3787824795230568
1.665491890455877
0.3831093159359558
3.411971684336956
2.578238718710192
0.9739338010179934
2.3340660947420804
4.257013165890568
1.94077614622931
7.960632881028028
2.754962544981756
4.192296392072685
2.8231862130452066
