35.12621160298068
20.89085418160303
27.603611715432862
26.85886356264885
32.24913403378762
26.18250482962527
22.132116781026678
22.842934126749714
24.656016672231324
20.65080423892669
29.37665674399659
20.205588914068997
22.655550000464046
21.42002348656167
20.829015565684387
26.61089612293979
20.308585404973744
20.174746854627852
24.39610441192433
24.408461632065148
20.036828478436153
32.66064977982284
21.764962190656277
22.91398506290543
24.45440079782194
20.838582491119247
25.96888126149987
21.053044497589912
24.419030615224287
22.616068762196026
24.68245153016074
26.73255386573142
20.074474127873476
27.763207226200645
19.30249874457475
22.595931331359328
25.198418915514655
19.985104946662485
23.257008621315965
24.47017625717649
21.911683596635957
30.802065451921045
22.95496708108107
20.076382719798893
22.883229632827618
23.874737689824958
22.792246155102195
26.847574900607697
20.77892282809274
30.212887607690917
23.650446102479044
23.27708705711123
27.8278909994517
20.43258748328825
26.947326529133484
21.79113046279593
26.376339635070796
21.630666233908396
22.666679176456302
20.78329593102537
23.350790652530037
22.11683221281003
20.466831668336248
24.640603371157038
20.142560853419326
22.624025147187567
24.73083576580235
25.430759281380077
18.666765029783207
23.56383576704729
25.53198700399006
29.751847886141814
23.344852080868403
28.688110374530254
26.074985579802437
20.68095929381344
20.329104034983597
23.49543857879612
20.992510621629094
23.74720136601578
19.945220245919405
22.53955996728435
21.121616097556725
20.429922517268416
24.6015210432483
24.478409528265825
25.577788030211288
22.282658435920872
21.80460302395436
30.36942748580583
22.64922816704325
21.207651751061732
23.39030320838332
22.84925484381117
22.566005959255875
32.93078576615837
24.621765222489948
22.85268257509324
21.466376913508107
23.4479592536321
20.31989619729125
21.738508092511566
36.31050610078543
19.54567485280027
23.268258085015972
23.847802622294296
20.751102037967904
21.977485050664562
20.443891241799044
20.600139293914783
21.7651238901473
24.274933666210423
21.93244211441534
28.058932448648665
24.28154969542736
21.69402509035325
22.061014335088327
21.425468694209222
27.749787134437724
26.576238258138396
22.709443401071187
29.425787672976448
20.350988836164543
21.844813779720806
24.603276677786077
21.85760298225006
18.75145005074335
20.783094156434807
24.118619464936405
20.276611172002745
21.354574731062762
24.654239483342653
20.2899246921113
22.316459071120683
22.351670978623826
22.37350276768857
23.360488830740632
22.629182458161953
23.27453317521395
23.553017435091135
26.77853811399339
27.74661049160555
20.57835094260915
29.173039486429797
21.290777843360715
21.448220380216227
20.67966939892694
23.03664443268519
20.939358495675247
25.604669175739527
40.81601753466325
24.583548250326718
22.19834695724073
19.91159544101246
25.26550043428023
18.71784715400911
23.59623699834223
27.61567536791222
25.678082504073874
26.393275575088964
25.622271114045542
24.08784753871113
23.147093174563828
24.55951588597651
22.0129296027273
20.968906460389604
20.886499056956257
25.17729375717368
21.076662044708737
26.719985282444867
25.262236099029582
18.980838202327668
23.782353799031743
21.152927910213837
24.77380634052955
23.72926235198923
19.842614526957878
21.161262451834375
21.84571033239262
26.04617971641518
22.684079505396163
27.896148558985036
27.13944902877505
24.327444394642157
20.603894950892983
24.699100920050935
21.50763967444631
21.574281682348683
20.789268546851734
24.63130538739253
20.218908739588894
21.500325175303278
21.81627928556292
22.380056265652644
35.90313407955292
22.6619859270027
22.546189282231364
22.294889847804242
26.500526228619382
22.52425019768308
21.93464011734165
22.68919241794854
25.09865562855438
23.685777694176927
27.052356130951196
25.156341560834292
22.24304847480433
21.84589018079778
23.888518268274627
18.274742747664362
22.622575109501234
22.552321100919727
21.270621204005945
20.302803279021198
29.17148744321621
28.01531158880885
24.0603210904738
23.277425864439095
19.861362916722427
20.01986924682054
22.42984521831791
22.443763680482533
20.63707360528887
22.176637563527564
23.06218708461475
23.214628667657106
27.23695927572058
21.2227166246801
21.24108570234967
25.725192736066013
21.978723912553264
19.919763636572217
29.107209013810042
23.631096983906257
23.59541245221264
25.476223646020085
25.27760302467946
21.215901003757452
26.855067337113844
21.988107465717643
30.49490109222894
23.250660594897
23.207314396359166
20.94588395172558
21.79587283987483
19.539862766415087
22.52564429012569
23.937304086603348
20.604455526024434
24.165165038973633
24.231178178333515
21.175470520240232
28.00805622281027
23.323636318913184
23.157192258128166
22.660853441293032
