4.189211010767921
2.1342215857843216
3.1823028351069573
3.132083322373462
3.4926034192330544
3.0538478155118662
1.9365501486689578
2.0775839089984243
2.579549798486774
1.703007225873373
3.435097217912157
1.9448625930837973
1.8985542543836542
1.7318216243964826
1.6985136196062978
3.0862962668826333
1.319231441900032
1.7898218843908278
2.575924608777107
2.2795557644446984
1.647374755287876
3.833046860175523
1.9833169215032662
2.5485913896849612
2.3575532004173807
1.6973142784117952
2.522424091283329
1.9177095782306355
1.8473278163607185
2.0507882366694936
2.2676133932392424
2.652822679515731
1.67886867700081
3.039529468909757
1.6971050185574272
2.106630647331601
2.067417238462076
1.6340786525311732
2.280587096138853
2.5193660389550483
1.8651687496353158
2.9639545288304725
2.742836433352925
1.219090275448053
2.248449025248863
2.5673800812387104
1.6713806195580188
2.230286527797262
1.9040523871946131
2.775507593879165
2.0757198903834992
2.3383625562519503
2.6847681378465102
1.8746812495394045
2.6951246727467697
1.7672556069161212
1.7799687608609602
1.345728695809527
2.351664704307282
1.3853895129806633
1.9273962506754687
2.2367695390650515
1.9215152377914717
2.6743905044290037
1.635393820701928
2.318620064079795
2.8177543034140515
2.793232122227415
1.2334385713926785
2.8162899839509277
2.4111546713129206
2.4333476069140945
2.12502053098831
3.677632863839378
2.2045299193339742
1.3863044436755116
1.6915071321817083
2.2088519139762064
1.5448364059898194
2.1338359358843952
1.4744308619414674
1.9391578798157691
1.8482099938873653
1.670539868412717
2.1653102779633273
2.0909574797322934
3.0050471327714554
2.1814174075122987
2.0707753253036105
3.1143069605127827
1.8419519194422773
1.7346927598465418
2.169269755485806
2.415854636110516
1.9223351780150386
3.909481152617192
2.473461822572282
2.103544353988442
1.812385160851272
2.19368845882637
1.8549640511828498
1.8141251990421203
4.352206940869021
1.773313410032646
2.0900258303700183
2.3545732078731416
1.6853454953842528
2.0531061504499375
1.575935087633716
1.4067837367241398
1.9257554402423327
2.4964374172625248
2.1660168825230994
3.581903062407373
2.817366574532933
1.9789073549187257
2.245338204950505
1.7802363512427033
2.691379925397431
2.4846493430166734
2.129706769809334
3.339984498687672
1.3550898934323015
1.5741572164725313
2.4129960703539344
1.7597715381809411
1.344860973689133
1.6054562708472642
2.6745973197897808
1.7936901100663591
1.658237150736421
2.339367935428787
1.7364105496973343
2.2103787021496197
2.4712932862988954
1.7938504108918178
2.1713477107142767
2.1835560066285598
2.044915565980725
2.0560708897972377
2.6309664150850307
2.8888603875814893
2.2894244954554837
2.0821353227937722
2.400733367999444
1.9817694820861256
1.277615134996697
2.112181813703598
2.091560357808726
2.3322173975810614
4.2601592550775225
1.7865619125781873
1.4563759510120098
1.237972524496416
2.7021933591228593
1.3181767680711645
2.6860640456374
2.854320180861187
2.661106912918822
2.7854716474029537
2.6459986483316467
2.02222797406679
2.2214889197150214
2.283016090193427
1.9188093918725155
1.404491834560269
1.6353776358385064
2.814379421010939
1.7995365090419966
2.3661099870416527
2.662180669032432
1.5101690378886068
2.290298351812651
1.5644815943536936
2.5396705768166083
2.219439335508016
1.5602854819662915
2.0246772206844827
2.019553305643817
2.328019674639947
2.063337696308432
3.15591670820354
2.7831888457554053
2.4102210234671246
1.8431845636405948
2.440333305733063
2.0628372033357807
2.0733059292375127
1.3289230409160397
2.5150600277875177
1.1941148390314922
2.3243700929270674
1.9166688669676633
1.9402877924793862
3.9763373186492386
2.385453437236857
1.982437891995914
2.2304312851178727
2.1205077527032574
2.2079618801643726
1.9327068598708375
2.2201569194692965
3.0394822465199787
3.1064474195057246
2.412197948160267
2.250035257386012
2.2224383620956147
2.0378230939721003
2.7259899039495403
1.5838423459824424
2.189200510847309
2.305437550042623
2.184046879042521
1.7337514861694248
2.7354051969924873
2.615207789448314
2.351008945540008
2.3692980484307866
1.6516624167728227
1.3055932090205982
2.267334591972325
2.1298994308138792
1.661067692232128
1.8435564637444353
2.9811926823395813
2.1194586970765155
2.6977972984567713
2.1181034808200288
1.8617559843248612
2.671419924387349
1.6887949560795137
1.2687803877344483
2.2877833983550198
2.2569314542343855
2.4224626477098106
2.249627576448598
2.740325317589212
1.3573188614916023
2.7890804986617206
1.6847588938849172
3.124429520693121
1.9956744441358907
2.5594680733202795
2.010530497140745
2.123378124272597
1.8570500405239647
2.350378876407018
2.102677815618234
1.6337293724015816
2.1278771330370936
2.7026271437026526
1.7787067197306827
3.4650046699200567
2.021008965025213
2.276154762895001
2.0894835782714414
