0.8326884398590539
0.651658844795964
0.7694916829899432
0.7966646700336408
0.7975454509592407
0.7459409658872576
0.5716512173251284
0.6185059956231979
0.7073096696284923
0.5548748501558474
0.767864130984756
0.6093884479138942
0.5739504716998854
0.557647370187052
0.5503453249132336
0.7882856870006921
0.439055168894805
0.548354947254139
0.7006534864035318
0.6383074535476166
0.5077917202561507
0.8119890875174796
0.6368626121912869
0.7335793718265617
0.6444468010934348
0.5365744628646005
0.6615146988876824
0.6025006834983793
0.5343610246258509
0.6104301884364481
0.6247251335794821
0.6589880709351851
0.5285753084336426
0.7502598589097526
0.5377372253740949
0.6600236244460944
0.5924525956391123
0.5194014342091577
0.6810445067457007
0.6632419368584185
0.5655311475218969
0.6404618732648193
0.7178134709907422
0.4029167973286757
0.652151365062364
0.7073729312169889
0.5088836944549131
0.5737546256145435
0.5975377101499875
0.6307066930855296
0.5776222493705977
0.6940931909096576
0.6757085863758063
0.5960944055023033
0.6580876138898827
0.5353950978502547
0.48505476278901394
0.4132733359526242
0.6728154602650314
0.446514684876995
0.5508464241738686
0.6720330763688538
0.5970674167619002
0.7145879521009417
0.5279903358999478
0.7055615690138584
0.7406671681589968
0.7532112654648505
0.4077367935076378
0.7673666772346485
0.6372825207088028
0.5716552333749305
0.6100398819321738
0.8206661638929421
0.5761478277198158
0.44979502099558405
0.5347414063125457
0.6591741668595872
0.5070204953243618
0.5907381579638795
0.4665045696140981
0.5944928770467582
0.5574071885661126
0.5406297385117558
0.6110724104725559
0.6102651021810447
0.7759429105218159
0.6723061936168518
0.6314286991137752
0.6693120046313759
0.5569268754241099
0.5349351165431149
0.6472156489832742
0.6941695614962217
0.5559741785277744
0.7683844498927176
0.7037523526770136
0.6306091095191952
0.5553002866408889
0.6241014446339029
0.5513061600366806
0.5533952513332685
0.7786281950621359
0.5635746040775365
0.6144324874195586
0.6967962878868141
0.5165436826738464
0.6247252894399815
0.49453416873659295
0.4561072691003922
0.6204279335228898
0.6835900950738742
0.6521820675565266
0.84107954802728
0.7374008740954691
0.6102984016379348
0.6546936004780841
0.5789698790423835
0.6481518906913257
0.6438950081829338
0.6303389005037702
0.789211247928534
0.4456887808252019
0.5010211596482442
0.6513690783102655
0.5200125896340836
0.44584095703270277
0.5032185146194234
0.7590105843673591
0.57949258688277
0.530982039094328
0.6328309766684455
0.5632295535662707
0.6799168044595069
0.7026960015435325
0.5466857598368045
0.6077789950186286
0.6291200693491977
0.6243326811169879
0.6013372478256763
0.6795669078486298
0.7391833642022498
0.7255612725432181
0.5160333344900069
0.7231108344311034
0.5991936012208192
0.4101343146051943
0.6247401898236307
0.6293807413445794
0.6081238946237573
0.6954890461663139
0.5281064752609018
0.436349883344478
0.40455002217135694
0.7067956056704657
0.4285011468791569
0.7282572732034212
0.6921399714269736
0.6771032706719037
0.7199043319680892
0.6967101568435861
0.5827673761700878
0.6485637868910346
0.6145820651490954
0.5774865860621269
0.433885257747194
0.5184027962644618
0.7247286318791009
0.559344088858217
0.6367217938890525
0.7064023738273071
0.47555563612032387
0.6686184465394305
0.5154946979874847
0.6608498764977144
0.5843896771085942
0.5075710383073436
0.6223454095740155
0.6359454610691795
0.6689117752018332
0.6031292893274363
0.7560797202694365
0.7001635540119511
0.682028136607207
0.5769693568884727
0.6951801114408322
0.6529153549891176
0.6466036129398505
0.42081410133404534
0.6795876270663787
0.392171902903102
0.7244842027608662
0.5959359957675281
0.5742326987799279
0.6981302342998078
0.6893460708364698
0.624518219564925
0.6268203104643735
0.5573221774179403
0.6675524564460433
0.5865219473234922
0.6417508234516953
0.8008144477171054
0.8336247001488123
0.6159944890557423
0.6405455231318974
0.6644140366849143
0.6189632326973274
0.7707375618201386
0.5031818446924612
0.642013697981016
0.685033678867882
0.6390312168347929
0.5546959834878525
0.6495289565047062
0.6609459607563977
0.6276107777237193
0.6717754381149448
0.5077849116699877
0.43329128420017576
0.6651926397382494
0.6349187734675935
0.5339396348735286
0.5693610279795468
0.7995622384025882
0.6299436309340046
0.6695357472327605
0.654796949180921
0.57841985135521
0.7239052114169757
0.5014867284765151
0.4027726706433961
0.5681420171162216
0.6211389231415324
0.6898794078720808
0.6262582476959137
0.7377313294272286
0.4513533357029716
0.6766948641703817
0.5229741413822077
0.6965436240963979
0.5997799929298169
0.7420522134719817
0.6260618130858718
0.6537080185668689
0.6068798980626398
0.6647885666752169
0.6254008770706904
0.5188353541171907
0.6407832122200091
0.7426069028110401
0.5385615099999368
0.8267194617926483
0.5940965283371592
0.621362578159395
0.609722253871597
