-0.03576236208027379
-0.007932758379060658
0.00451112948923337
0.005048441212251476
0.006849604006518746
0.01616882390786657
-0.016328673544108482
-0.007552887617234762
0.012052798085650964
0.023448163613789635
-0.005651210202888797
0.01360948130251505
-0.010311706893604873
0.01557143939924373
-0.013643611912246471
0.022604182722222584
0.007981966366975513
-0.034334980925961246
0.04924622912288563
-0.007806656707085722
-7.289682141635013E-4
0.002771530733421962
-0.003804618193401268
0.017448666684832807
3.7048699430613396E-4
-0.01581199031708098
0.002210934972163894
-0.00698096862494431
-0.018174933313094357
0.056169364440207724
-0.0152691149761144
0.0311885884250056
-0.011173259427195532
0.01532884194547273
-0.014971258401443492
-0.020444864314829465
0.015394069172953438
0.08162924071788286
