0.23748213842572055
0.2548716851048161
0.25933735126043855
0.2537350444168834
0.27553437059860714
0.26757302110026704
0.2654206555616935
0.2590146975217268
0.2729264657606564
0.22789240492167007
0.29935654387255234
0.262529538569113
0.248122918221305
0.28296936049334526
0.24819381923186498
0.26058259129994293
0.26937578992722394
0.26233783937959376
0.24277724772184633
0.23797719413210638
0.2835177793699317
0.241041892485019
0.25234806861116554
0.282474126550936
0.24196561308248285
0.24678252519008648
0.25424544283469996
0.20758021638909202
0.25246270537081367
0.26290329153984265
0.26822191029526465
0.25354776019961645
0.2286432405809154
0.24877741774843706
0.23683755934900114
0.256161410812279
0.2619534848984087
0.286543734460784
