0.015367386069095608
0.016607794819002226
-0.00104794359997835
-0.011108563531151028
0.019780321967141672
-0.007295516642518691
0.0333200322989414
0.0032585134420921504
0.01883799108607024
-0.03171927860535694
0.019891250024543755
0.02859718173408572
0.009874660429877072
0.012846034231522278
0.018998454574200643
0.015856764961868802
0.07883005728741202
0.03876700160539015
-0.004154312642882422
0.030842089298429434
7.222079000308482E-4
0.014752693619721756
-0.00583796344176541
0.03298633595759158
0.018407332773715025
0.01121443197867745
0.001690338481921525
0.03006254637670496
-0.0033348305241230176
0.0433781998824026
