0.8046099806569265
0.8051052582118413
0.7931270667072546
0.6530494178521403
0.7677908056868537
0.850735607583422
0.8383393881547737
0.6547671501988424
0.7510406270107851
0.678683982261141
0.827544782420049
0.8584607548700613
0.8655676250138754
0.8947408217896244
0.8518320255012757
0.9436581720843125
0.9047891201548371
1.0048304507992292
0.7885015305251053
0.9619269370737177
0.83965418882344
0.8446668016590149
0.7268515611646942
1.0894845609545254
0.8568338434398415
0.719859795640519
0.7872054163503324
0.7752358322313313
0.770604964851107
0.9590924044403044
