6.572061360838854
6.694057190273066
6.5207900641721315
6.441149072425551
6.342109014188395
6.401497820694831
6.4739820533746935
6.585578191557065
6.690279604837641
6.435016832315431
6.597474261453778
6.591641996169614
6.615967780921394
6.7174463177869805
6.537673947095718
6.65360466131424
6.4399032028822285
6.522866488788355
6.4526030077184044
6.4490326303025
6.5106458832454885
6.679284809763314
6.547199251944075
6.43504293535959
6.394649192734614
6.516186357493623
6.64659331421337
6.302600010424882
6.363208293474527
6.501090550743974
6.4317674893804115
6.508592514639721
6.584781216568819
6.487116598065876
6.501343625634254
6.505155713785647
6.562193298370951
6.508920023741919
