5.074715760282569
4.207917822006117
3.4516131294024492
3.177929222041134
6.75175161347835
3.853273532395544
7.442075004449889
4.131282304482098
6.729507903711685
7.110088724248795
2.881600156370555
7.0102117586652195
4.712561531099514
2.792913127037414
3.7585944856299394
8.681182578773337
4.452621631619379
7.420708970017626
4.96446017021672
3.621940289721508
5.447853797926358
3.978266287392932
5.789662511685782
3.5024900177908664
6.435493265912906
5.539416460375513
4.033223429981031
8.359381669821524
4.611850837322202
7.000013760865953
4.1439454291403255
4.293993145219642
5.535925981280176
3.2733140232506566
4.581827533255393
3.5401601465137325
7.567682421680305
7.910344452154582
3.478103879797758
2.7649625881804707
6.743772480566342
5.035127350700196
2.625477390995285
2.537162197320698
4.763092423387409
3.5756892465851005
6.350229367725618
3.7370657784367367
2.7801231846226244
3.5833560729749676
9.555002588651634
4.399057893429984
5.138261552570654
3.3829202358477244
5.486539912298933
6.691123024725039
4.613700761997312
12.294178235937332
6.417719006048812
2.7899915534593998
4.317666522108231
10.161095288151149
9.29126844372807
3.9404478222479047
4.300974229249212
3.3803944903759566
8.172400685144211
4.138129740613672
4.894983674333633
2.938082433015058
5.755108696811191
2.7152681251518724
5.292663649658801
13.206027380258929
6.530639122089948
6.215593411249354
4.481985715002792
9.309081240507526
7.087334021146205
5.793031120665291
4.566031294600265
6.066010296235432
3.734738949525668
3.390168897467366
6.301595073107639
6.744494809258921
8.723257137312364
7.2359364440693845
7.774992897800623
8.889045240363561
5.445277782345977
11.18466011465508
2.477144556654135
6.2201924776451945
10.07726992015774
3.120653078885333
2.744264191167442
6.325213615058262
3.8080425157437916
5.44240463359482
2.1897087951584977
10.25105694874879
4.480640417712086
8.133146243137213
3.8531767759715048
4.436197212526207
9.453730928282962
11.068785920046569
6.896755200570445
6.418890597865776
12.47726411891668
5.071566307035315
3.9498033624035496
4.954016622559992
4.40505017484741
8.36406571286141
10.431941183609034
4.894194484496827
7.518302014410913
4.874400287776632
4.962395198547232
8.059831915010742
7.289445786087467
3.1571138075822165
10.128243464944152
10.994855203869678
3.6821899061053713
3.4320042385854057
2.7016206849258557
2.949593917135718
4.2204713464793775
4.54410272530037
8.350288808302546
3.8153921698481694
3.6835677250289685
3.8535671281266737
3.424674907309214
2.0413620743872145
5.373560885212274
11.865893321590294
7.4059000027841915
3.2366443275680012
9.339294399963903
10.19225575317368
11.74025815936574
4.066484307342287
5.403505192165279
4.698201970788782
4.315685185844472
9.622361929972394
9.425092087683927
4.775728813617109
5.912209013913695
9.874386507068618
2.5307237654446544
4.089759355980807
6.991384715342268
3.142906515672924
4.62648240656412
8.566635352868609
3.196770454355078
4.062689595652679
7.667233573477964
6.059719050356479
4.161811747255025
4.77629846057294
12.47779347136866
4.722540093207043
10.016846908986116
3.9949828770462563
4.573787301622406
6.568101430832402
11.148666633590334
7.024759746258569
7.279379964589703
4.433688378915544
3.2587208788619146
6.262718465243882
4.698099600207575
6.404114926270428
8.446032419833406
3.756051886361297
5.998694759183404
2.477720811023603
8.066016551967175
4.159406983525025
8.82412376291357
4.248082478430678
4.135516474291291
2.803631128602627
3.696982329137916
3.2214126607379443
8.360961950345297
6.7713226933550414
4.33878443364063
7.073086896981909
7.606842236837283
4.651456746068684
4.56189313111047
3.1248537051633267
10.791634258567516
3.188984335213734
6.393947347190318
3.6771267168096453
5.165493656961303
3.5396662245826933
3.907761783525966
6.523396658274009
4.718470151112749
4.173591300287838
11.01014644254647
3.1335846948311863
2.971356726734904
8.16378882384113
5.819305778932605
9.17933697498106
4.779427046224433
5.3052415006799505
4.737215126884002
3.272760235017627
6.6519017896599015
4.046206786920171
8.710347404898227
2.9388317238780095
10.868520245370927
3.5567678541448533
4.725881163067548
3.4408139211038287
3.8571659353071315
5.507706785204472
4.792820940846965
4.909855642794019
4.511810792075318
11.027928958126319
4.419587397402023
3.6063949346136184
2.7520950320650717
7.730608571945589
6.0134872603378495
3.629914212672271
6.2477452252584245
2.923246796087229
4.958824324581165
3.038301521035272
4.818599375978536
4.7959304845550825
4.32974046947123
2.769788005225579
6.500473475741398
9.25829238875072
4.229170151870646
4.315485924608259
5.8678292419463185
7.6691742635573235
3.1823762400567692
3.7110024776146915
