0.8733937847976792
0.7903815709634158
0.8977628743508554
0.84578269510926
0.9672303831853265
0.8974201137334342
0.9448046272103164
0.8302820859806561
0.9023548402625733
0.8920982650771122
0.7674817407027018
0.968036218650395
0.8637799357877071
0.7250765064871001
0.8296218803793411
0.9793312416303968
0.9041104478475712
0.931862748989102
0.9524887767741749
0.842762270741444
0.9315841960439953
0.8883529725762773
0.9218885355334092
0.8760361261574144
0.9176446128676845
0.902723567903914
0.7427547397771196
0.9565882737062643
0.9268146702722265
0.8953410682948599
0.9325425445987181
0.775036556751368
0.9612376187134769
0.8442274944765078
0.8554123540645381
0.8255354795319206
0.9026241195967541
0.9856524455091151
0.8388950620239399
0.7188428585199605
0.9566765676923166
0.8422939589987473
0.7261454078270749
0.7815269684958842
0.9282574618067507
0.8273161619858507
0.8451575806726843
0.86004236861504
0.7897399438216486
0.8534277984910354
0.974879418282408
0.8307824204962931
0.8959004138659575
0.8192760591982632
0.910455986018855
0.9247327871021751
0.8335364823200843
0.9575416454940642
0.9305836049858226
0.7480737210031574
0.8813498528341517
0.92688876902522
0.9547602659382617
0.8336287445049676
0.8160355281827929
0.7977794968327112
0.924805994972942
0.9226770277855157
0.8937904254933752
0.8174217781387426
0.8938447546299576
0.7316533230666823
0.8796838874078016
0.9526569152623002
0.9638737248677188
0.8341121206913483
0.8488950960611048
0.9455343761407546
0.955678639124049
0.8971239377572184
0.8658986839159752
0.941999115504806
0.8737910986395158
0.854352065287087
0.966837860752841
0.932988152524984
0.9432066303575569
0.9430359086482235
0.9359181354579488
0.8977696880012114
0.9028081201651362
0.9732257460352268
0.747782536889787
0.9408070310846488
0.9805308833310025
0.792163731988006
0.7385761936734345
0.9364380061447732
0.8965624639783673
0.8482214381244619
0.6821571842792051
0.9856179925984014
0.886476626344956
0.9528974140769989
0.8612341334112699
0.8597981314239896
0.9028761438556385
0.9058551355282283
0.9532930372426658
0.9346266224628469
0.9404315349923301
0.8980184196856323
0.7592028754769983
0.9189644503308743
0.8631020075381299
0.8992327413123289
0.9529301157604352
0.940250721961946
0.9355318420728767
0.8840983416177556
0.9102249802269071
0.9378985864117717
0.9105086850011748
0.7614949229638565
0.9706426060531894
0.9741477811917093
0.8642130706666666
0.8692081188542298
0.7069936104411031
0.763526250632733
0.8950945722789376
0.89978140454025
0.9382861312851113
0.8341806197442196
0.8604024417388328
0.8567185354241221
0.7586672729444175
0.608505326067724
0.8977969454333637
0.9658962969917233
0.9538014138012115
0.8047025991762949
0.9652712825565922
0.8777675289456477
0.9587451690036012
0.8655243377292396
0.9502899257468534
0.8590285693693037
0.885797997599688
0.9472586108483231
0.9174141785993977
0.9211545548903114
0.9703682092276019
0.9465974559447391
0.7528173559197917
0.7915234554893025
0.880008034777795
0.8663103294970687
0.9296126623431651
0.9000772242450186
0.8050472171667993
0.9311617505360069
0.9423658300157008
0.9294004303248337
0.9173275174995733
0.9267783675712715
0.967697382326032
0.8733159901236719
0.9226495952287302
0.8860173735798956
0.929141693892115
0.9640080747065674
0.9737466978291519
0.9558984325667199
0.9243452879628052
0.8762440486647395
0.7876671257345941
0.9182188851294869
0.8566515813078154
0.8717141807410534
0.898404300185379
0.8623305283083621
0.9474843167243381
0.7531280743146328
0.912664212779588
0.8150906502850197
0.9207310971639849
0.9410943226741374
0.847544173808243
0.754167498600884
0.9055930175310406
0.799104067002348
0.9543613702662938
0.9069566370678768
0.8262365233216024
0.8968722055926065
0.9632497202391261
0.8262234246746142
0.8544277180657772
0.7570903637196635
0.9604505171208129
0.6697824417069912
0.9544830644630014
0.8030050315459067
0.8784747503301912
0.7699610391589218
0.8737227653949742
0.9452904606766179
0.771763256827043
0.9088390115632844
0.9283699138029367
0.8151267446946994
0.7835294995730562
0.9145071436023786
0.9193651004517714
0.9138423124663863
0.9176094868465291
0.8672048902747967
0.9410800222795522
0.797817527490144
0.9186239832049099
0.9227430074333257
0.9063703858320846
0.7911649123966813
0.9320055869513383
0.7944129119603273
0.881030267717133
0.7005623855877687
0.9139136371481599
0.9429758989770537
0.894851692165544
0.9088623931983091
0.878269173753802
0.9427412649138007
0.8942874041029513
0.8233202449432482
0.7610604840939916
0.9466506612242958
0.8290566096709511
0.8668993560078871
0.9405574873504775
0.7418178398026444
0.9519856421246258
0.776295976706701
0.8811103223305925
0.8399816674744449
0.8337630660487461
0.6953421299844108
0.904093648546314
0.8974609796843429
0.9017815844044116
0.8794941558506965
0.9087713303135593
0.9508000136707038
0.823245776911092
0.866809834300322
