46.04203788765573
44.85470940384913
29.895446591588538
31.662436836018067
57.8751824373895
35.12313193076148
67.07596992893637
38.96631592628498
62.28321685505398
70.68882695205949
31.87880153210122
60.38105561240808
51.249922183139134
31.349545145133646
36.72564854585235
72.75480703824043
41.12127973366715
67.05234776739623
43.641189494107465
36.43852199443626
48.53236171009757
37.44457587338029
51.09530662797461
32.64176409819083
58.979136946925586
53.052526644139945
41.98036153471097
74.71027815094794
43.317755178122624
62.58775021827093
37.355380038077676
46.95214058039015
48.59414262260225
32.557869118729336
44.94643606695979
35.9836856498079
74.36802770273123
72.04701721750423
35.972844734401875
31.872312988582326
62.59867763211138
49.14693819642642
30.41859791744874
25.442138950070362
43.72802426799359
34.90610080369537
60.63255908151768
35.75304333630322
29.712226896462603
34.81863851787684
85.06236202634888
45.25024089068087
43.629208602043235
34.745234285569026
50.19325938747455
62.21095361284704
45.35512119726639
113.96214144795547
63.13078054458804
32.76371458716603
40.35462993429473
93.79190360083518
78.92623370759729
42.57910894651997
43.41137141307184
35.74012979180628
73.2115507508073
40.34150833551558
47.08607444965839
32.690691683002846
55.87513165909468
31.956158824468528
47.59666975688942
118.47925014224496
56.35550655845391
65.16408484053437
44.87282702174869
85.15784431628799
62.22840308947456
51.127075233221206
43.61205892069632
52.86341228871301
36.72818451031651
31.747600438896782
55.26198801521266
54.121318445195065
77.87064046487022
58.88083503408391
72.43618955775469
82.68059898186965
45.531254823442076
94.19286639546704
27.280724559864428
53.821790908019246
85.43332748222583
35.19829485243408
31.801326184878178
59.584419579909245
36.19091027682488
53.555231356566715
27.157296722620465
91.57471805435122
45.66555862742381
71.68164676217467
36.13867823140282
41.84911337694157
88.20106649937532
110.30149284302101
62.34547527441759
57.145643112514925
99.48108637368048
45.557557600440255
43.85643510357962
45.08487768649866
41.63397094259737
76.80282531644481
96.44052824676757
42.79447247662692
70.08503428494753
46.18715347864522
44.43895081385421
75.5237899787611
66.34064848221313
34.307007369171814
84.61769989846843
98.84164654403226
35.43360083123281
33.90454518236007
31.19759795364836
30.0541158285384
40.89128756274108
42.814569067531835
72.5286204401724
36.97045670468096
34.57013077462136
38.77042406863925
37.02179223191837
26.149122459469375
50.626474498538336
99.81177544116606
58.47686934230031
30.24668972819645
80.30166065877422
104.04646149860537
106.36353283056897
40.88799591616618
48.95969327227668
45.812757691380504
41.21782147404012
83.75486672710657
86.62831436584729
46.71174718789409
53.5592272130814
89.33180431867369
24.992738672867837
40.37053005003367
65.54912986068894
29.735389154782343
44.00128389479247
79.06931633249093
33.16634462249364
34.776962327655234
65.3507001816252
50.83222300344742
37.53632568419976
43.74543058221735
107.93106877959515
44.00864133203306
91.77092899233273
35.76034680792773
41.64936158963125
53.080469651365
96.93059864811173
64.14197226868224
73.13131122624736
41.301672820462436
32.33114879539691
57.44054548083275
43.00159117853503
66.40502639948997
76.50915074351032
37.15591730177095
46.45220920587703
28.28616093006766
80.61443766503315
40.177763226975514
76.37199048459918
37.325474405499925
39.608965581665615
26.50539497385322
32.78478082695831
35.697251412414666
67.6529103407743
61.809452872799255
43.80321549483486
65.46808806605182
71.54843081384166
47.23587020325844
41.341987163208856
35.87873460103482
91.75216725373392
38.875576305471405
60.75502652608709
37.681931474710645
50.49577328919341
36.76997147774128
38.39685044299417
58.130536122815386
50.81594517441284
37.77152023302804
93.22425733788006
31.685947117419243
31.109482782857157
78.02461579567805
54.96654508185681
84.9815516559877
44.43541770589422
50.13089105347692
44.794948075195364
34.72461187943246
60.18299685499816
36.65097587648634
76.4359262007186
31.17666217958429
96.43210757744494
34.67891842127952
44.21529812525914
40.61424233948943
34.93481355643129
47.11000303599263
44.709170019326976
45.072609141490325
43.57202298044507
92.72355293601122
39.50883156218532
38.7714274964561
28.61141038781468
62.70217022773791
62.78398226344957
35.80195693062498
53.80709486053281
32.5661104344817
41.85692851967956
32.34841539238313
47.77674703925807
48.23120407850183
45.37030784748346
31.052584108241952
57.422196875982095
85.36955404108207
34.315176719173486
39.72344596818802
50.73746372547693
68.49793238141125
31.97309426200566
36.60525382528679
