2.454534405889531
1.8367731091158688
0.7583245063498827
0.6405811367133545
3.8500604639223717
1.161013191195241
4.607661122818939
1.6404360465401302
4.022443382923965
4.433793929017458
0.579154934262449
4.106103102714035
2.121221723736393
0.6176836075761136
1.2697288444919164
5.743188853882145
1.7402902880766655
4.625120723050321
2.106993839894195
1.0936534774971758
2.6531012097943716
1.3132073696641002
3.0239969050855535
0.8743816393186227
3.6825594273098523
2.831245756663771
1.804959210649672
5.48961684870273
1.8314068265055234
4.313990555981373
1.3463177953441705
1.9688834749655386
2.6522131251397454
0.7406315398211328
2.01559047106178
1.0635537079179704
4.859810062890044
4.953387115627235
0.9614186937259389
0.608434012620589
3.8737427774893916
2.5082454737039535
0.44704116751406026
0.19258129183304573
1.9783200379671573
1.093740760627548
3.814756625707564
1.1569386725916169
0.41090335315767884
1.0230726775018615
6.630364333804411
1.9067106319411045
2.450560310972781
0.9250920582529347
2.755171954242367
3.916924663418514
2.113091315037059
9.42155329945514
3.6259681910913444
0.5457703904499277
1.6736169636057752
7.380428981075488
6.426987645913284
1.439561588733002
1.8528676447008328
0.9870559998778229
5.397982700225385
1.3700986572571245
2.213612397853507
0.48581709859883027
3.0735744329213186
0.5203081559518254
2.6536119874353963
10.348056634472028
3.6390179474867916
3.7132570491753083
1.935300426819478
6.4724781120852635
4.220298103774058
3.101659307393636
1.9683352428523393
3.240012949721015
1.1133656536071206
0.8271127016061046
3.4010814908491156
3.9455303516839693
5.8936372462396935
4.406828718124713
4.967238491426777
6.195736176359928
2.7368534218505687
8.264982876549398
0.2337969459847737
3.3977713843912487
7.135677270164733
0.7441618829213151
0.5285356101471386
3.5158995966239432
1.1183551238086902
2.897740319221434
0.14323724232088197
7.294202970953587
1.821210538677218
5.274454000906216
1.2694743757376952
1.8568028182542375
6.745102496716046
8.351220513461884
4.0368760888424475
3.615010730477236
9.65596951393969
2.3775110479784183
1.6721947359725542
2.197123271567369
1.8157441522330204
5.666367488924423
7.573150836327726
2.073442318610989
4.7117064881922825
2.2221052629233657
2.2317202578665105
5.246136155775425
4.557919731083942
0.8726290386906471
7.216315646784585
8.07241186029455
1.0895506941053712
0.824379882022716
0.5806398536025462
0.6590151652375194
1.5351876296425644
1.8447585116796197
5.5354304144472115
1.312850310615511
1.1023603998124698
1.2834115218543072
1.148673088475962
0.21584609618404255
2.6801700489121827
8.968204430615122
4.544495761380556
0.8225365300391163
6.443480552294127
7.558953166336735
8.864022652354933
1.4699112941545684
2.552635414924719
2.121116262680871
1.6582911930454078
6.780586097427424
6.672849551885734
2.0122651489461747
3.0011043862308884
7.034594139234399
0.2722716976852791
1.7151889895129002
4.351360611008883
0.5439755271817178
1.837644419534625
5.866403680133553
0.7816288028546804
1.2692043440446583
4.8401360834308615
3.271517759381978
1.409829194756305
1.9959633578591252
9.574701324390563
2.1025921228360276
7.2488981232999254
1.3369307563065698
1.7863622199460607
3.6760772067127
8.22742654010288
4.15706444855841
4.506344100701287
1.8049562329213267
0.8957195016581325
3.5080618098554206
2.1281448562841287
3.788972384047268
5.750819519277269
1.1690603014362102
3.1562418090103903
0.21833658807970516
5.32802391362841
1.7141350326699663
6.061930471421616
1.4247995104082662
1.5928839528665615
0.5411286327999751
0.9802032765447943
0.8241004597309007
5.497877839546415
4.050452782151412
1.8600748636758229
4.38247028020409
4.7170930761199035
2.1727864720448418
1.998609976913138
0.8535826140043364
7.910282707205077
1.1796370100927607
3.5304981538013136
1.2681116221719249
2.530069405970729
1.2297831071059282
1.2865934873410438
3.6875252762441546
2.4031803806316203
1.447074265597984
8.225036701137661
0.6882044607470879
0.6207682280157356
5.420267393033993
3.0612104775772897
6.437810037581902
2.0265985856848467
2.70362682985556
1.9139750600453453
0.8793076525471947
3.896029840045172
1.2779777646201942
5.991236247401973
0.5653369866879655
8.072503484516915
1.1735291182638719
2.08279035991615
1.3391267643405227
1.1154250238626522
2.678779088273311
2.108265864350333
2.183268463199092
1.8770032708139122
8.199705163384916
1.7367251850931698
1.1364341997838736
0.4689135797830969
4.890656588272701
3.5263174313249963
1.0292161446486106
3.426072763206992
0.6977932766792962
2.102867398207288
0.7094135909151692
2.1752684089867587
2.2759854821317473
1.8284512713249925
0.6837616152723471
3.7881925301024566
6.565909449697691
1.52382539865741
1.6770034570561692
3.141515251005641
4.816774222545212
0.7126389093234928
1.1105729747137258
