22.269575568549214
19.579261652718895
6.568073804551909
6.3822566087561245
33.002243639957356
10.582799052511929
41.529188933480526
15.472617104137099
37.2286825560676
44.080981819607445
6.407122502708371
35.36709707646047
23.068653333701953
6.933298409341104
12.406663041098428
48.13222081863076
16.072096323117833
41.79185633625847
18.52199721157711
11.002698307082445
23.63522817301905
12.360281951637193
26.687574413107402
8.148876672724915
33.74942180872434
27.115625267743564
18.78716652670942
49.06233713306068
17.20186435781862
38.571776082957385
12.136311579648783
21.528514503080434
23.281023500746773
7.366657939757624
19.77237414267856
10.810409900550924
47.757618415859916
45.11519933968927
9.943626352001221
7.013548525408375
35.957793068578404
24.482515871311964
5.179387784406736
1.931165453739842
18.16215578881486
10.677165326946989
36.42363812327399
11.068597919064816
4.391479388060099
9.940959539050128
59.02609089802989
19.613089323742624
20.80781717813289
9.501418318739315
25.20551436186245
36.41774596588876
20.77280639520866
87.33405105787432
35.66846755329934
6.409146751951917
15.642290314049427
68.12498691288185
54.59512143571842
15.555401945893758
18.701699014228343
10.435914993900925
48.35723303776765
13.356721482110986
21.293292297283546
5.405463375078815
29.84068332170028
6.123538929818533
23.863805030767047
92.83866791874624
31.40254666840229
38.929669522661904
19.37587641055941
59.20909584622857
37.05517628713715
27.374057803908965
18.800386385541515
28.235715407236686
10.949064902735694
7.7455856515419645
29.825865103290017
31.660978418357455
52.611232227610195
35.85959561433603
46.277576542268896
57.62904387852186
22.884483683952883
69.60447790734213
2.5747993064090875
29.400077515477193
60.495020760535155
8.393508894094357
6.124823328858286
33.12027854163547
10.62863394409403
28.51481351629119
1.776462833797275
65.16055698801043
18.561319113688956
46.4865056220187
11.906312285978233
17.516252758180816
62.93020590189444
83.22069794735273
36.49266228298162
32.18346066226004
76.98693624522403
21.357030541769007
18.56712681364998
19.99529705041377
17.161357140700296
52.031278491923956
70.01177003331424
18.130025383491482
43.922166219527675
21.05545518732127
19.9853705320862
49.15835583256581
41.4812537967005
9.482487070632384
60.28962809649512
72.56943952952354
10.484713000899086
8.143994882998246
6.705074775904237
6.71486267779025
14.874120370191143
17.38132817100949
48.07943063038088
12.721280908397203
10.345606766869281
12.912298476310209
12.417510442579763
2.7649117578562006
25.250958076310837
75.43742240715338
35.88326668804365
7.6866670218579305
55.40270673700296
77.16469726008596
80.30562459502133
14.779775956346661
23.128736349115044
20.68327117089237
15.837844375468272
59.01950987238898
61.331783638711315
19.682110224636357
27.187271514596315
63.64071192245962
2.6888811339986893
16.930846686946822
40.797054285367636
5.1466131463865645
17.477363295902876
54.14640745310163
8.109362437027208
10.864495211785046
41.25429061150604
27.443272356803465
12.715569811241387
18.280741297184772
82.81975090853356
19.593739973652774
66.41192792406822
11.967287213770575
16.26679185588681
29.70841827914018
71.53226534397771
37.957499218471305
45.27237958783001
16.81392678427368
8.886812207482405
32.175322115605546
19.478858020504493
39.2883035495626
52.09432022376546
11.5646719468052
24.441051045651953
2.4925745628269658
53.25003350733905
16.55767559040631
52.46545818265492
12.518899510246502
15.256253011418933
5.115804285984374
8.692427154468193
9.132056149975373
44.48620131897653
36.973023098953846
18.778821888081428
40.56389443959491
44.36803039831939
22.064799346924953
18.112328727370013
9.80060731077279
67.25446439213742
14.380462171679392
33.54664925083497
12.995172298665254
24.73293350339299
12.7749586834064
12.641798669157827
32.85984779150643
25.881245097545367
13.096202040185121
69.64239231890026
6.958934342886499
6.499313370165808
51.80367718678128
28.914817353293994
59.600719284121425
18.841746888514365
25.547417971335573
18.098484264603165
9.329622326321052
35.24928043509281
11.576059921898592
52.57490549687646
5.997390088173169
71.62415000972993
11.442051386582138
19.48656631821278
15.80661441661877
10.102537951019436
22.9128557315936
19.666667738796306
20.04246422950144
18.126830538621814
68.94366101411521
15.525427293956412
12.217512773912038
4.874932991513153
39.66761207340575
36.8166159632245
10.151190888857592
29.506168309118472
7.773689494569351
17.75008845076627
7.5530375655759805
21.56793715550273
22.888888949062274
19.159900610455896
7.665772625260066
33.46315281178168
60.54342831901577
12.364207626161592
15.43658289671803
27.163795931808995
43.02146015383218
7.159829417959231
10.954669493249707
