58.580609085794514
20.38219011234415
106.17305971640701
55.115840604747426
10.18842953892335
6.09609490145366
21.78257460488347
75.76888814904228
20.282725587506697
34.53105820276967
14.568415431825919
25.962016153625918
36.83718164136069
7.8296463856425795
31.492755889315745
34.046493750890846
28.78175035222716
16.701390517286896
21.631698690836053
18.645001635206565
15.060683749394094
6.694918667095774
53.84222192111292
21.30563667028993
46.55881405619888
42.34536195936777
21.69621779150362
11.623937051166378
34.32122304844254
17.854089096750695
