0.7643517905635395
0.985179142044164
0.7298678336555972
0.8526797855204632
0.5104308872848594
0.4430964079740151
0.5166601605598652
0.7882698196002611
1.2398150086025175
0.5697292908930177
0.4298574193210506
0.5066067086620764
0.4137126473616662
0.4177650219801437
0.40598066392330945
0.44118253374786887
0.7302050534002952
2.4798809196983944
0.6271110873770955
0.5391266163972275
0.9922595326353579
0.6728412181194383
1.9614985296709404
0.7668162853169462
0.434951307483593
0.924530211769953
0.771027210880753
0.7142285470930293
1.181919932949345
0.39713007744241496
0.16506796272457644
