0.8107986575545976
0.8094912590685499
0.7476066491342277
0.7807688929322466
0.7152964244624245
0.6784781460753396
0.7397790723186642
0.6910881861198127
0.780833128799865
0.6943390708277319
0.7008031807571821
0.7593356930428214
0.7441986111883786
0.707667014923896
0.7238451357192612
0.7124467518019295
0.6967697513668635
0.7983914036073215
0.6748617911323358
0.7311407315109912
0.8034045067851451
0.7156046347419092
0.8451147253867158
0.6560814976584616
0.6991061743867042
0.7272970652527969
0.6991967916853697
0.7599677099081787
0.75220469869462
0.6902913281945982
0.6428538882926326
