36.28493607242216
40.11299613145374
36.85173583666012
37.83636920111129
34.309384132629724
33.68395793596493
33.538233744600596
38.58481523349655
44.035703090740746
34.59379508885996
31.8403496491146
32.97887722585351
31.999244342161088
31.531412386373166
31.068696260368853
32.782875381680626
37.69817122714783
63.25774158642151
36.17416570328656
34.82727155787143
40.63483220453396
36.16466023289021
54.16112386843034
38.94008345850408
32.42647535868047
40.33441316100901
36.96934589065279
36.086234981168765
45.00568569981538
31.769212021793233
28.88293238299984
