4.5762138066538585
3.106190852360838
2.831295187934924
3.978052204404367
2.744434542953863
2.5170006925677932
2.9853789473174963
3.0294905039714894
3.509329075840284
2.847070862023573
3.857424785547222
2.5680720691420102
0.9307475296091601
0.8863986026163514
0.7829373450316658
0.8398562112816698
0.9279819320990953
0.9233866136808567
0.9158915397000428
0.9268675950708969
0.9450819255507139
0.9649633093561681
0.871716332604289
0.9725564888979531
0.9289917049639258
0.9764721349916496
0.984154348635536
0.8939672674129995
0.8176953612294279
0.8787751444557564
0.94710942754722
0.9177818321286825
0.8819434465001891
0.9472827581752175
0.863645667315114
0.8702057978479512
0.8302203578520659
0.8692962057158694
0.9215123020865421
0.9581286532554439
0.9200685091106203
0.8905199019055008
0.8241687249599632
1.0173756842279145
0.8321086215383392
0.892384960658919
0.8877559697611286
0.9079772379401153
0.922245807383308
0.9364922340782058
0.9392906606911303
0.9434095634394356
0.8896941024175359
0.8794890461021804
1.0585542018819027
0.9856979026649929
0.9379305979215563
0.9333745414030205
0.9071473300036904
0.8839394722015778
0.8700722030131359
