2.7446110556793064
1.7960536835483847
0.9126197831042286
2.732554173916981
1.5564966240797604
4.037056876016273
1.9263797879901805
1.4140809384350113
1.2197202794848079
3.412465048966254
1.1936174848385264
2.903425106510052
1.5139944390593976
2.63441097967593
0.7936024443079578
2.5282017672691577
1.9302591983578148
1.7284111600841712
1.3570031120465105
0.871799767372516
2.7804101264703025
2.545318703722106
9.340368321479543
1.9830362796699488
6.081909211811753
1.5834921028946345
1.7124195808475058
3.1757687293818657
1.872176353221982
2.1480659721917865
3.5957468039261054
4.11250968899402
2.074319653690474
1.2291035352911734
0.7196398414926125
3.905695483093266
2.7459537011973767
2.767340024534977
4.659095512466282
0.7940541384535643
1.5965751388594482
5.603166565683303
1.289321571866697
2.852512709610024
0.6995693307399421
0.8723297553073774
2.6311581603630425
1.5801542963882473
2.07480255634424
1.4918608609761277
1.8602759211648892
2.9235820147918643
2.682538181879607
1.2743896347146881
2.592035461005833
4.262216534030681
1.406301516240573
1.9790289818657332
22.60985093599272
6.045625632507545
8.411416944415816
3.0965602996748
3.744077210405442
2.7043268157785723
