5.981963038755149
3.6333032918441246
7.29128951328979
5.212345996897678
12.049230104924938
9.537491665798946
7.1497354143464715
10.172846038329302
12.984477344451745
6.66496043471467
4.656796101301259
8.400995260993117
4.122712078412395
19.026690574119325
18.920108552015236
10.787699972320219
22.64810313855094
24.59440741271276
16.38474520826476
7.068449639686763
23.77442470163287
27.732335967110878
8.085209564100923
7.241315024282697
6.734604682745189
4.470451982216502
10.568145974592088
7.131729219111909
3.2680170030189912
5.478456284752609
13.718125094647835
4.890165672561891
6.3143904009615115
11.0132236992006
5.192603508864492
9.005543960663278
3.168202952212909
13.873831442765526
16.051273827179887
22.788702752504243
23.017135261753594
20.36916403570029
6.595364340965109
21.91312322341984
28.09324420956417
29.395258850541996
10.689912475471514
10.781448276462024
5.715311100684687
12.654470961056884
