12.893326519824024
11.150362484430673
18.896433570353203
14.455798121757631
15.222916767823184
13.187779355289807
31.99626507004316
26.069755715270563
20.40876598804878
25.217378339387633
25.56202200258705
12.407275500131828
13.94226503761667
15.581874071962607
14.162046491187875
21.894486269208087
15.45800152898051
18.343788447121916
19.755344760163666
15.579354526500351
9.875337677446113
14.326947488628344
21.405621229467346
28.097939303283717
18.840908570307146
16.687360414398302
20.04165343233846
33.13541854814792
26.02716135240507
17.52260009955248
11.599448329341971
10.94536037028783
4.293720597685917
3.4932835903036734
3.426850104077452
4.020016278817926
3.6397813332811464
3.7780442779539203
3.2227132685735396
4.0490608319287595
3.1837948274796757
2.929172075284523
3.586630792069105
2.7471723845061904
3.842390644837782
3.324378788114976
4.526581548088469
3.9252697258804465
3.2017247539694713
4.134315811995751
4.480343842118641
4.28914737256788
3.683343174013638
4.201458273450061
3.470920576321503
3.964257566065565
3.563844635909673
3.746990549630695
4.114164007518092
3.7584605247128664
3.9435344739384353
2.9672098253521413
3.891495312315135
3.918439382571537
3.961119910269765
4.8009707478207115
3.167544848721762
4.515574480204593
3.2454166093458188
4.103471864557745
2.7416458900325873
3.504044768228716
3.91463179652523
4.244208470158831
3.2769915575252533
3.4016554130854377
4.136322283350916
4.130598206338263
3.5587964547969566
3.2185611102987046
4.234292460256576
4.6579419839031475
3.967015188710318
3.7665230956350735
3.1232692206938046
3.5064681855336515
2.8755507807487173
3.119738144492719
2.7885728132836562
3.232764608550536
2.8070557191764562
3.2297144649533136
3.4820966118609316
3.851489133393
3.7975720725659996
3.9719376941472917
3.063947261601147
2.9114495037091057
3.3523383230877064
3.577788422346978
