0.830568982362585
0.7608959166485834
0.7279476943661238
0.9145523657635852
0.8147312885931991
0.8198216923597847
0.7389113198646111
0.7825588512429272
0.6427719414547681
0.8787121654862624
0.7015767717921404
0.8519295271490958
0.6326716649023106
0.7858405175551234
0.6241898212659402
0.7799783423878808
0.7638327358325456
0.7951856918773469
0.7420894294725993
0.6775807540468436
0.8685417649914843
0.9233376655573424
0.9548821697887244
0.8217253026883629
0.7484169651718434
0.7906205361054448
0.78436122718569
0.8739203294595974
0.7304160714475351
0.7075081313119475
0.8348678712220764
0.8704485253154719
0.8461959093100284
0.6868597795757329
0.6204759286342416
0.8170718769109041
0.7017708698607061
0.8636759252956264
0.914206193975846
0.6543415897961941
0.7058766575227411
0.8686332548812877
0.8423552819386431
0.8705015027279279
0.6702667024131649
0.689258561058942
0.8688348984588148
0.7471928708885481
0.7042898315229501
0.6861027835499799
0.7855717517195612
0.8415929666559692
0.838482191361649
0.7316170167786662
0.7322589466795454
0.8044490919634738
0.7411152938065565
0.7656586765841332
0.9701803087385753
0.89205044393986
0.9345644882020087
0.8293863426331082
0.8769793148933587
0.795268458093382
