23.92837378405602
16.538547648745347
10.337716101703183
24.502729226308613
14.66870102413224
32.223711332792455
16.978414638860446
13.434303947727395
11.841285145412844
24.47447033209293
11.672915489656276
21.948939937354254
14.421746218670567
20.37762559904466
9.37745351540984
21.2040308555435
16.8143743421651
14.691893390719676
12.380672994152304
11.01961111944567
21.234631766169493
20.730327463949855
58.67844487008516
16.61959259572777
43.703466298613
15.667076642464286
16.413855871443666
23.4068460108482
18.36203369836585
21.3383127875673
25.316245032030594
27.956898167969314
17.079049892159436
13.664256701850947
9.309288727335542
29.151500527366334
25.35596261875685
22.65936266324097
34.29327001780496
9.808467531229617
16.489219843905424
35.90784738237121
12.354578192914268
21.809497638597794
10.671453598179793
10.732679123810442
22.003570834014567
14.734457488347353
17.71385227326433
14.445648576238735
16.38787147832152
26.198111762095394
22.419531392662368
13.065526852737573
24.88915841490828
32.303138883559114
14.914122762334792
20.221460482218607
138.23522062494578
42.80520980670666
49.739067744112376
24.82101207614329
24.903880512362036
21.612813078177645
