15.154916611104184
3.125500843765292
6.611244248121993
6.9037893475137775
6.8027957889543025
15.334144677321033
5.404250299183272
8.223821795614167
3.413933857211912
1.3753773671014196
37.907773372117205
3.3101584135448614
4.294775353274082
3.4064246340805835
3.524086631006721
12.83535972256871
3.5458928636731484
8.346078279815963
43.297307968001135
8.426387722814184
4.069344381904849
22.831015366089566
8.611075346113815
34.07431754378368
5.392361017680208
3.9748220573389688
26.46572199059411
9.432731891020435
6.303657024836969
9.730890684353753
4.039958251181995
12.564495002162078
9.790355951552105
14.071561680520018
1.8527695758341587
2.5540947987769274
2.8605498299987953
3.0174034764359647
7.121920080293705
2.8538150254417447
8.923738580546152
21.771773028602826
15.463282348271905
1.6390234668313681
12.421017251121203
5.494477326153786
1.3787993161320227
11.669880023310284
9.829213295529568
20.175413296849737
6.008172996467141
7.192810717159678
9.725103854818398
3.5494510007847566
10.842268022851048
7.286502983738615
4.4282455050237886
1.1775460398996864
5.0615926470650905
1.9306471811957315
11.461346409929206
3.7126351374575557
8.347924029742574
25.076106333738775
6.484622721487907
14.366955539194619
11.102885030800838
9.04926556574312
2.643360058586288
17.72081753632997
2.942302704047919
2.044273420804906
0.6873954281877492
40.91666056808473
1.5793449665796762
3.661655903326571
1.993230020358296
9.87041141957055
2.312540200169487
2.0220860576651747
1.331610614256212
2.5026545802915963
2.1925688500711233
1.0755753060345563
3.204477923441644
2.836935957494655
13.555483257127808
12.866691677938908
6.012214460402927
3.6487561713797914
2.8464392566149663
11.357920430698353
12.192408184930215
9.30315138447666
3.820120051987126
19.408775052076987
6.632227658165768
5.591030742723549
1.4157477104240226
17.690031838498708
2.761750972396824
5.1437446381290535
41.701637523542225
7.674947897015765
7.293649908725819
2.3559364153873927
7.341794648260074
3.8447164007858463
9.362533227903898
2.4420636038648635
8.31456061635494
7.453828566684087
3.4851534162356974
26.458046965585766
16.729724475107187
4.21493667371244
7.292962665102661
6.274076873728584
2.3653244454367233
10.840842656595168
4.323363064118402
5.643556035580429
4.60819545870217
3.204909318330398
0.8238054893505103
4.672763646677486
2.943301301135409
6.3736004631383425
25.1693447060537
3.153517694207151
3.7474437735391715
8.887674098141304
10.321688504063253
2.11212812576379
8.200908382739375
1.6358636876788069
2.010005953748272
13.604718302310514
2.846254769562974
4.358621229481136
10.555349717182418
5.59373207398831
5.910194096432304
1.1264778237157504
7.270728787235037
8.054410034167036
1.218190109411834
7.088110586601961
8.754665063954041
2.358063821598096
4.107956682719592
4.799447321395931
8.688763312829119
0.7272114809200638
12.634923322178643
3.732604776033278
12.919817567617068
14.480278173382557
21.05451412793545
1.1452598221006625
5.4526404777376785
3.7123614269433536
5.6347270405223115
6.370221156728147
9.809441078590579
2.2855869746652804
4.722879200843547
18.60398547107063
8.708068720038241
1.4021373627440648
11.027769159439186
0.8382090279495218
8.489167635554818
0.8448355392023472
12.332999285879241
4.3543143630211505
11.11272109003155
8.550323083950282
1.7623037827512946
4.120817172564399
5.99474518613136
20.192174386074637
5.732845925795022
1.359912714463346
6.149696071689818
16.092393298934642
4.33494688052651
7.488449550731691
0.49425522902124613
21.088535349688506
0.6586729246581078
34.45744270795621
5.582087460446367
2.359402322582932
5.84020910572148
10.130591297992803
3.702492118893443
10.652332548509502
11.848215308993629
2.532311256729876
8.115011482470324
16.003372776988982
16.411576021818668
18.149148743769327
5.893376169489134
5.470164098899365
9.229250421188398
4.741785908503725
14.139748798287997
2.137302311559655
6.179493810479875
5.234686889177785
6.459533215420092
4.092249921902741
5.434179013465835
8.172643914869658
6.330760873019596
6.654780755232369
4.042993816860943
1.00544789511178
9.66484000847131
6.387595514368411
4.118341004583115
2.6028263685822277
13.110328718623348
7.972604272393137
4.137653359001036
2.10009864343133
6.30855306754377
14.812179181348023
1.84764744930831
1.2625824019584861
2.4329759056656197
14.425202912597799
9.3924890762771
0.6234285206946762
14.222448198281118
2.0301221021717147E-15
23.97875473490069
4.408660247969814
12.934200262039365
4.490906916404979
7.24373387592243
2.771351991843788
1.7749166344721268
4.870233304652985
9.516213064957205
6.932043568296957
1.3830375616167483
2.590596429976216
8.991191502670638
10.207468761373516
13.469152532807295
3.4968385328366653
5.05314417133379
13.104114464083603
