40.31290496271071
28.464508151592383
31.065633843474107
31.204684821257427
28.940550512645142
39.31521916494581
30.19084588905619
33.6925119390865
28.853902373659306
25.02408971115917
64.8978503558681
27.70856744611767
30.793871436270237
28.287482316992314
27.284303702933197
38.48914714710928
28.216262153091304
33.307695037069486
69.53233063001898
33.06806179972304
28.568101682598584
46.63436906668345
33.325374418982534
58.61076599519141
29.253116728194918
28.012946936433
50.94696721709441
34.191128028102995
30.485373584609125
34.0074314466722
27.620059741554098
37.745657960982285
35.18608050088612
40.73373225289778
25.794000133544316
26.968126715473186
28.560782655408364
29.93521588402373
32.80664378111971
26.756825465282304
34.34619879232226
47.53092120572804
40.31241432284475
28.01848204915538
38.266710265544326
29.477052789239096
27.16906989461438
37.33359169128757
34.734551625817694
44.378056435446595
30.10225420992806
32.20198950724646
35.01134771006485
29.48405016474631
36.44998663335913
32.1577016224458
28.85148518793243
27.535646960268394
29.592884485342747
26.152695212149776
36.62986975878131
28.70686671176057
31.163223860146765
50.704932839123
32.69734587446937
38.82556420547765
35.87214267820828
33.485125187537086
26.768343987669947
41.836665868434835
27.864027344009475
25.57895374079631
25.605797143649685
66.12761413714543
26.728649465028543
27.29791608494358
26.742814173587433
34.1577549803742
27.668347530138657
27.045745451938437
26.113110105150106
27.530684899507335
26.625427979563952
25.885785533031793
27.858117584834165
30.08310009557421
36.643971851770296
37.36679084699012
30.484045077694947
27.546728104361254
27.137565300437526
37.47852574924459
37.46616651556966
33.191647047821355
26.668982238601338
44.49851828016277
31.75234760726045
30.696282380140445
26.400875795669915
43.15784451645938
27.345557278055956
29.82495336455455
67.06108628833456
33.5028415833033
31.211873004801525
28.086063939395263
33.22244072130076
27.52897978280638
32.653028064384614
28.96444755877148
33.82949669860853
30.31136037531602
28.344465627051914
50.635211891088524
41.466378554120105
27.34120622398555
31.12376210717088
32.56753262998615
25.001070523676304
36.751314965783926
29.48343217756001
29.624489972146588
28.473209747385674
27.87256186744264
24.12712399730886
29.986683530283425
27.965785617245928
31.224310212891186
50.46665296965432
26.312241077283172
29.23240447451193
34.09674327571634
35.56354501152859
26.183317033768468
33.37219527418006
27.81136702456597
26.01066077136959
38.21954250087161
28.286056767379435
28.98205953503575
34.772902212236254
31.538758663796767
28.837847927310897
23.19665057828117
32.833349129228054
32.33766509112262
26.195436079582993
32.66206156478391
33.504992070304716
27.539754344796155
29.05837994610991
29.417122066300596
35.358673144379054
25.923344356676708
36.47632470955923
30.736077979651906
37.77931383083365
39.92132341491692
45.33205386475274
24.80879859305707
30.738612146532823
28.928384920557324
29.92708261997588
32.16462723436161
34.72145751447979
25.555453408933175
31.20621248142481
45.229624347921096
33.981793186906486
25.202932616357955
36.44872474066611
23.48885210405843
34.38187358415309
27.19466696872148
36.82374409788675
29.299608002697095
36.99163481621993
33.53679854797583
24.46637541311023
27.446021454040935
30.654654414426048
44.8817183610875
29.489536787451645
26.39535480901674
32.677141278499796
41.3100020603834
29.92353289866949
32.53050647742392
24.910994191534723
45.86949430292471
25.140586158376614
58.997943322402605
31.7920183020058
26.4612205290861
30.468350771820507
37.53057413250823
28.327226186357663
34.3295061424138
36.32475371209014
25.612004587906906
33.31420046599162
40.347720986256554
42.19546303465301
43.27513954253809
31.086781081823545
28.77519097251012
35.397975894092006
28.833150232234832
37.985101963714015
26.455029255898527
30.608633220488038
30.75681679600068
29.767477595560123
29.371731857359638
30.160990900377968
31.696630836816574
30.457936440181534
31.707036601095695
28.188773515413448
25.362293674954746
33.30109506897406
29.658656627657248
28.49225177356618
25.988392969254615
37.46611125290713
33.22800349154094
27.487240579677415
25.696143876413757
31.350443868553477
38.310874569092086
27.982561306257885
23.898059702809967
25.486496887013956
40.527762011391864
34.35937795081604
25.931696682911305
38.88001878431593
25.682968399859522
49.43081645127501
31.687094588222042
37.88699920987863
29.91376973550329
30.439251959875097
28.405440405537252
26.71687961875224
29.405505591641802
33.91576657101591
32.22712643888871
28.078788941791387
26.203222382939344
35.07106471178981
36.67536460553677
37.74521915277109
28.571416349258808
27.04359424905346
39.647534820342216
