0.8734926596336989
0.577236488504504
0.8072835680980609
0.7685738456277909
0.781903645927163
0.6991840716992411
0.5805548631943264
0.7680877321471759
0.6519336330907332
0.5926438298160089
0.8274523178978543
0.692839267178262
0.5625984138477278
0.6556390249178247
0.6376769058057917
0.7727168079220642
0.5928976917536399
0.7437812174107437
0.8478382198876458
0.7092340955892111
0.6337991695630526
0.8434632895166422
0.7353909383712465
0.9110994732162738
0.6327419204580416
0.5731543032846513
0.6928109133491708
0.7222204286663932
0.5875270768933465
0.7552523275892487
0.6391868107107416
0.7331649019752798
0.6084503536439269
0.8829739282482711
0.5604336753640284
0.5731293996596677
0.6309516964331392
0.5720523119273483
0.6775530347957613
0.597338360052406
0.6470094184335927
0.740665480551877
0.7762868180889962
0.4969861478352943
0.7733185682154735
0.7689946062857423
0.6263128948226018
0.5770395808678402
0.6830668095692607
0.6338314488734399
0.646539360602567
0.6547599777188021
0.7152039864294892
0.6695986970159393
0.7946660521018739
0.5635234059332439
0.5203208311438734
0.5222409715281879
0.6861356919428468
0.5901183740346276
0.7018907313321887
0.7531116061249372
0.7031450646219097
0.8179724074682687
0.6719214626220243
0.7306700796617664
0.8026253456697674
0.8080048680353029
0.3886591976929666
0.7816764818645816
0.6260661991133327
0.49658513417596034
0.4606522712888577
0.9096195191661759
0.5222093527704278
0.5180983435698391
0.5305666563822925
0.6711883082904289
0.5470988865748184
0.5775163955167468
0.573788293923499
0.7155822497608232
0.6184470380836943
0.5809313164163943
0.6564571615712297
0.5298220387395541
0.8448125895807908
0.7512803798130478
0.6554507594828481
0.6342111659410488
0.6057406419927066
0.46326725293938936
0.6637650390191532
0.8489120838713053
0.6250993073164065
0.7185849234502231
0.6914963349125226
0.6529671603316805
0.5727484563473595
0.7929396865304305
0.6389981236639818
0.5393896721253338
0.9123821410284991
0.6788207292012425
0.530358132865713
0.6633371748083148
0.5751103167976613
0.6427355870314939
0.48400010416289047
0.5447809482928541
0.6987334857712295
0.5937287076433057
0.6388262343255395
0.897166110442724
0.7475153736097419
0.7020072781903116
0.7502916039493998
0.5872357516247957
0.5785119139389423
0.6422736946627075
0.6731363569088453
0.717737029396206
0.568259480878651
0.6470455556756783
0.5250345324210626
0.6478467242673729
0.6024470444762071
0.5979820883388282
0.8645053382057906
0.7248076835047204
0.5634150384202532
0.7501244763449333
0.6878786241157223
0.7188886019753559
0.8329665208584286
0.48494200031991413
0.5288594772604548
0.7387356205934749
0.6721670208105778
0.574025648560102
0.7941165598261474
0.6056155144750012
0.7306741188043555
0.40252918706674007
0.8503635096629236
0.6486397364312345
0.44496290579872083
0.7411528070698287
0.7589449058661271
0.6799087820885101
0.736656392239601
0.5131268037759177
0.6186504023910926
0.38859094333358263
0.8139938212640428
0.42904920252341167
0.7786242712297872
0.695641030381983
0.869039966885271
0.5462287954428607
0.5935286084408579
0.6294108497803791
0.7121190703906757
0.6877804781733708
0.6740406345848016
0.45837613269484123
0.4601023385082994
0.7706212078984672
0.7147165899764992
0.45682451379704697
0.7512382347306313
0.5027304464402017
0.7893111569728363
0.6094039238836764
0.6744313637359315
0.5666972358876781
0.6758944407741851
0.7503311645962175
0.5307984324356
0.5759104207513859
0.6197889917349017
0.9016990100504075
0.6855727861911283
0.6408235256146608
0.6975803601078725
0.7935672122177782
0.6790496488733523
0.7032973517728643
0.42354230220146283
0.6733822260621508
0.3908272619424148
0.7445414202152045
0.6953321703293469
0.531399686028361
0.6477764125591551
0.6994319151726873
0.6282673732752126
0.7423637243500242
0.5298632807628856
0.6974593264303258
0.6686865546631315
0.6043135145280099
0.8621043014163268
0.8227148089295566
0.7407104875312803
0.6479388672577009
0.6611269510762812
0.5115184974599497
0.826495037917584
0.49791665189392303
0.77396780387652
0.6342784437641305
0.59621469140164
0.6671125750737453
0.7472775212439708
0.6228012894496676
0.596131908935789
0.6864195226085947
0.588254358505875
0.45985825636915
0.6634385737089129
0.62045320496202
0.5000079551923778
0.646615781948607
0.8837875966755195
0.7708329201774714
0.6414770002600169
0.6207073035693716
0.6323700622998264
0.7999233021055798
0.5243879674312044
0.4244306348190953
0.5736741804103056
0.6193564897415246
0.7742430633724373
0.6190987708106909
0.821322125856564
0.4223087505854093
0.8490528038660521
0.5687894039974847
0.7189102287499595
0.5013081525698937
0.8177033471503611
0.6284050595106859
0.6113617792421413
0.6845987911897458
0.7634750058308134
0.6997383167898852
0.508024579187322
0.5457091446682021
0.7796363355294621
0.6045718687788059
0.7584829004026616
0.6217294413559147
0.6091145607913816
0.6603494096598285
