1.0523662092652961
0.14240124800119125
0.4364982266583421
0.4366976463032717
0.4805483569830163
0.894154239589827
0.2531581056974293
0.49602995654605825
0.17497335354206073
0.06893473931455366
2.3243264524209435
0.1879964981669578
0.18236348847648082
0.17952491843451948
0.1891589333421622
0.7732268167052021
0.17043536474172474
0.4973761374461466
2.7984814792375583
0.48505482679639733
0.21055329935811337
1.6180176596885554
0.5124569190081502
2.5305286399396727
0.2859903439375561
0.18954776035263224
1.497941861625632
0.5503193043772583
0.3063115206388449
0.6054633492331911
0.21902263915462183
0.7316458546170853
0.46912979619461315
0.9320187986876678
0.08674194590661863
0.11991684320653472
0.1404554410250176
0.12825058801778738
0.3757469708596233
0.14263418337875755
0.45422377387205715
1.25202903619433
0.9661458004758403
0.06175804984397884
0.7432885062169912
0.3523577719728357
0.06696787367454501
0.5247863414730838
0.5391622693346859
1.0567285042656793
0.32244602258211574
0.3766268876265401
0.5501357248015134
0.18328471168739274
0.6729207280506339
0.3301903569978134
0.1886816336896953
0.04666214684845968
0.2831436188621583
0.09407217539539224
0.6392598168921712
0.22373391260415312
0.514549589528506
1.6006634610000143
0.3324459773328494
0.8583893459803815
0.719557853742214
0.5984524991085932
0.0851703116241456
1.1487836643193534
0.14782895623607237
0.08626892544620078
0.025414973952505245
2.9525732146444588
0.0655881925362726
0.160524367531855
0.08545932576118294
0.5455437912546145
0.09979474541730339
0.09333469841862634
0.06166395078758277
0.14310796112184077
0.11099705555820515
0.05036921273320822
0.17065248870611188
0.11033268280672637
0.9919958915050431
0.7890982762184198
0.32206095211040875
0.1936634549722374
0.14196163155093192
0.4028813676303149
0.6404187449079631
0.6612017549924314
0.20902173411169922
1.1117573430920613
0.36513847284334927
0.29083631744700184
0.06490799750604419
1.1015573640425973
0.1435704192790118
0.22482551520147476
3.000682678950605
0.4034331092821413
0.32345601358678455
0.1214747345774269
0.32629338804818697
0.20867324543474042
0.38912587210781063
0.10032203199885009
0.4553930218279219
0.3872292108302637
0.1791205978717252
1.9636101386715326
1.0111089560821327
0.25589221950605967
0.4592249344252864
0.28024937329273764
0.120903315250706
0.5374497217358104
0.23133584009275718
0.3378174640673341
0.21945520144869005
0.168132928469019
0.037121436567872264
0.2391754920371856
0.14172718803387183
0.3067356187058355
1.720264672493505
0.19739376968419392
0.16569507031382005
0.528925668126076
0.5625631287957158
0.12615785961600204
0.5427678094417968
0.06061384942582826
0.08858180796044356
0.8166046555509642
0.15040672007504233
0.20321779168560225
0.6922398955784459
0.26114067881930475
0.3767001975193286
0.041090770577245556
0.4837346380459831
0.4302891345841002
0.0434034570141551
0.41083781403688885
0.5369067205574464
0.12733603405639227
0.24257324354164667
0.2000777969030983
0.4030989946133094
0.022431045015296067
0.8627638408740649
0.11861223113162708
0.8093232003974656
0.7918759259391237
1.5073367778513789
0.05287238727480201
0.2559757764083697
0.18532664843178528
0.33035878870436086
0.33971038061959336
0.5308251065545997
0.09004422275857675
0.16410379628410812
1.0769037935016008
0.49251159551301077
0.0538243123548549
0.6517836679964923
0.03720805607287513
0.5175662011887078
0.039077752281141444
0.6792575392196083
0.19783915550189185
0.580474627806771
0.5135237169797081
0.08240179123720698
0.20348988356563016
0.30133744939797963
1.4748967152342236
0.3308779978692438
0.06961842790067582
0.3234316133196326
1.0128157517988203
0.23007478060874792
0.4206209380748303
0.017147088961893084
1.1460932488497673
0.021030001471059916
2.0908288493237412
0.2961781938535989
0.10404075266793426
0.3072216941408234
0.5172017016347287
0.18892833455471303
0.6679771326897221
0.5129756611346801
0.15305091606610863
0.43068045347120987
0.7945215344465408
1.0974675986121318
1.18853609081923
0.34654192642061893
0.3041688773135885
0.466335756244436
0.20135938924848246
0.9801852912902633
0.0875244971285994
0.3915593728697837
0.2601858908940489
0.33046831928360687
0.21598475714146623
0.32845640123368697
0.43274409098103217
0.3128396486976866
0.3646754573461485
0.19699581159711557
0.03796579574345166
0.5425586797850928
0.3406122384877185
0.16896781841894312
0.1439373812348733
0.9514574942150507
0.4866718422767072
0.22734530077666032
0.11048856308953549
0.31861332900497774
1.008448093531454
0.07414480841800032
0.04734856201636184
0.12108653248846264
0.6845568670827034
0.5825370995682958
0.030501006894388512
0.9474746385366072
6.676318057601559E-17
1.5998098046246605
0.18385213781642334
0.745289447369646
0.1771105217886856
0.5107215467031184
0.1358762274089174
0.08701129035763998
0.2717847019733785
0.5955347357853398
0.3835224832596713
0.052638868652515304
0.11974205366221992
0.537568533326664
0.4663119804384255
0.8416620401468288
0.1734096967414141
0.2799345790249222
0.6520104895548688
