2.799351528532694
1.2968742250101992
2.0510653628544637
1.9738453375588534
2.0443556488373424
2.2925223829883095
1.414267832086082
2.03220542084041
1.478840619723527
1.2542223989465715
3.979231088216652
1.5736750325234818
1.3075603161719365
1.4908029682701687
1.4645127449537456
2.3186604325493305
1.3562307482490046
1.984938572267634
4.494157919012851
1.9035230179748197
1.4781516384842186
3.30494423872184
1.983238795750643
4.352727586372221
1.5514741848536393
1.3358563669219348
2.8835636883239735
1.9947601617100448
1.481365674425538
2.1159680044116884
1.497396260576105
2.197975658567645
1.6860305034824667
2.69796665518421
1.2076092966346756
1.26617564252587
1.402358833891296
1.272355211872484
1.730853040451146
1.3373109034835695
1.7482426107392426
2.733359997298084
2.518719436653833
1.0557303455145675
2.2899256426479377
1.8903469845443204
1.3195936633197485
1.6788655032087643
1.9052958884732072
2.324391402012559
1.61552474378725
1.6861468430641442
1.9805436976604918
1.5224821057192715
2.2622528322543816
1.4572371688643013
1.229323295977442
1.0911440899048355
1.655415002747852
1.2743089234646474
2.0430412795565487
1.7299571248540278
1.9208397187723254
3.2366082759365518
1.6762889025768983
2.3197295053039144
2.3248085450817486
2.2144622351791994
0.8624887070100787
2.712136628048517
1.3999613544627376
1.0794391937981214
0.9467195165302207
4.771812252976811
1.110006898077128
1.1967210546715332
1.1465926385257679
1.8879204078354723
1.1939925185669402
1.24836748945212
1.2092405386345806
1.5742724606434872
1.3478911317255937
1.2122318455659968
1.4835668118485712
1.1699767602858346
2.681621070666625
2.2916590358445155
1.6329624710761048
1.4620857868543347
1.3534429155363452
1.3294158735090937
1.9679488229462692
2.359025922735042
1.4592203487445121
2.5489271899925074
1.7481311426683948
1.5967706381103628
1.210404910200763
2.687436737103458
1.4215666666069755
1.3036048594521423
4.825446961007603
1.7610745676846262
1.3841722793182107
1.4481490841940563
1.4765140216435095
1.4941444194977282
1.3571260804335916
1.1898839285845582
1.8528599933703809
1.5746866261168753
1.4567730665228042
3.7579423595569805
2.506139703301616
1.659906775886683
1.9598081423240856
1.454720876542329
1.2779271431285906
1.8219971110612252
1.5776085539104476
1.7732915228597461
1.3559741632059923
1.4622240398203756
1.0871905014099974
1.5348689405719316
1.346621276986286
1.5026997953834917
3.449275348905086
1.6470091366936348
1.2925251471543264
2.029174620815943
1.9383203770271604
1.5639350635667137
2.2087008511586537
1.0304978500656565
1.1463007624813533
2.294075896737914
1.4947407616961976
1.3512690888058063
2.280473015230741
1.472371707769307
1.8380484351280397
0.8461491447107257
2.1844616573718305
1.7275686074465695
0.9333292686115967
1.8931434281765462
2.0547965322897004
1.4871535982334125
1.7158860280208483
1.2263314044549338
1.6403997993954946
0.7996129316824613
2.4907514834021502
0.9767106361784504
2.36657174285704
2.1831579867030895
3.2454167116219206
1.1453299781605233
1.4430329932900854
1.4441483479925434
1.7545969294857122
1.715271336966335
1.8789063757242028
1.0067964881482592
1.0843084733007071
2.6181462092985353
1.921944775466009
0.9674733399489489
2.1542601374577552
1.0426689489532783
2.0961885151343806
1.2578856000484941
2.028120266691471
1.331233627277248
1.9322635093551412
2.014186046172143
1.1439986561084068
1.3553107250684018
1.5409154328677828
3.278294735335039
1.7020235702515003
1.3512654791299974
1.7185923335353777
2.5999501762343766
1.5881740783554525
1.827215641620559
0.8642316933648186
2.492857700974069
0.8026845253558894
3.5799116897541503
1.6868425345122928
1.166840124724656
1.6027745192591336
1.9160655319801032
1.4454630811051383
2.1527045813897705
1.5727022226604512
1.5479695689267603
1.7680535627974732
2.0031485635025605
2.821676201444785
2.833965708678343
1.8279629014831797
1.6000466118289902
1.7885896583969985
1.2243963841683818
2.6331753671254314
1.0833578009164455
1.9394949806228234
1.52874277842231
1.5228977020868868
1.5502099072889568
1.8230114437216287
1.6783466698803675
1.5051034665692646
1.7375145025633378
1.3735045286088656
0.9576823084817517
1.8694358272029186
1.5815186484117587
1.1689837288036988
1.4371689451320875
2.7190326875660897
2.02833768263165
1.510299301296694
1.3519031702282787
1.5833534536046305
2.608294697742614
1.1229207432804091
0.8962098316545525
1.2684348933090737
1.9232698465657523
2.1310232263131703
1.26869854851577
2.5901188902497347
0.8446175011708187
3.2979154123567644
1.3214309458113929
2.183109904869565
1.179726826928473
2.1461282410038405
1.3926863464302894
1.3097348488419227
1.64098228435287
2.1224847474469666
1.7829991168394417
1.0686880270271593
1.2111603429986242
2.0968412043855884
1.6754557179960374
2.3586278409521517
1.4168685794532434
1.4981637006076853
1.9727093088745258
