5.508837301813887
3.4292840380850245
3.1337170894423285
3.0217045437063765
2.524278278222577
2.4065401157452424
0.9114264468441641
0.9108681432943667
0.8407200297334488
1.000383372111864
0.8382374192644142
0.8527486055706089
0.8615847759771424
0.8649721279125866
0.832367188132523
0.8992636005273066
1.1281722936650362
0.7950155555376243
0.9994912658105954
0.8141681107607365
0.8438260909175259
0.8771615856441806
0.9409091540999092
0.9758320709742958
1.0012827898363288
0.9071006357535739
0.7510499836365435
0.9191591235465333
0.8564140004975086
0.8974857861364547
0.9551348965163248
0.858107445220167
0.8764788102983705
0.8355518358064645
0.9800534721460339
0.8724593887012237
1.0061322749899886
1.1269186992354672
0.9261215438570491
0.9693294518819019
0.8576298839264832
0.8387191984248386
0.8824517494535553
0.9744142390107102
0.8065136211877754
0.9896793450366446
0.8958785274348258
0.9228676555599589
0.8810553152568562
0.9290423132716038
0.967310033100398
0.9043954297240911
0.8554667694730622
0.9521474773267488
0.8989165081931104
0.9881723796616448
0.795975993334732
0.9173730694870506
0.8562196642879023
0.9373532429222149
0.9896248456425591
0.9239854926389816
0.8289693160276946
0.9424642095465676
0.9309388699834256
0.8458477801095782
0.9464317877930277
0.852124397359087
0.820850859472477
0.8838615625782574
0.8905136406981652
0.9781895743952198
0.8745542726326121
0.9094111724287082
0.7855636284442756
0.933453389304929
0.9879125427162883
0.8509786057075004
1.08120990169887
0.9436316113850459
0.9470853913492273
0.8609313087011622
0.8646265704190556
0.8570864623257145
0.8969083876202031
0.9326719328409689
0.8425283346147467
0.93717107973545
0.8320869519116704
0.9132079010195693
1.0152105502397624
1.0145566929221796
0.991804598920891
0.9808321059459582
1.0118007194590588
1.1566446321833952
