0.992821224031488
0.7817361739169209
0.9465180849985478
0.8836000433620088
0.6361615102943008
0.5746905056427433
0.6266969413313508
0.9031810536386147
0.7147618215534338
0.9017088856944574
0.780169765359732
0.7058101544211285
0.8222250559833195
0.6778899544887231
0.8340128332397148
0.6898008101680803
0.7643270304141271
0.7298671079460027
0.8231327110058015
0.7915285965815664
0.8102634101080446
0.6986131693831322
0.6937439866527237
0.7373459921695327
0.7720033473433265
0.7128060773326623
0.8667504887708241
0.6904581939786896
0.7990410146741181
0.6300035256521087
