60.24457292775482
35.1265229563928
27.8287141239168
24.159792630707006
18.07552758961954
23.78613215880323
4.34377061485001
4.935882593186553
3.7760923285192747
5.365706357211014
3.8887986339619136
3.4887653313968974
3.0481683332925456
3.03841733846449
3.2921365305437424
3.704979333363906
8.379461285355298
3.680362468467475
5.97168395924297
2.8684918572088525
3.2029209540042642
4.025338059904131
5.2014206162458825
4.287101789498103
6.393496625175544
4.297559429330101
2.1107540204571023
4.480402866845
4.0931737071245236
5.6392967070444
4.548711504709266
3.189257533501796
4.233919493534227
3.346714131000192
6.579977137591662
3.5768570967608206
5.3898703190612425
7.270080924138602
3.5870118322922044
4.221783086687241
3.1255850086720067
3.59816280277316
3.533967067743587
5.153252647688579
2.1628538221237634
5.198631391432411
3.035594350212716
5.409422519481861
4.608222819203509
5.109611902735719
4.887297249546409
3.0990726603336523
2.765627819411378
4.87112477313144
3.6037203820850197
4.672395841860352
3.0820173657297407
3.4892962205566898
3.8778406964219103
4.448705655469875
5.387872464672268
4.737300263638279
3.0425182674410047
5.101583421826552
5.127745596907511
2.742322691252843
4.862998277596312
3.3206230315506144
3.0911913491057788
3.9548820413923464
3.6332106943949927
6.095877840497698
4.04946349196419
3.8767048664219286
3.3346438163248244
4.19102185877164
5.032060694736925
3.4187075798350404
6.64266829765607
5.363455313102141
5.42436165988211
4.832853843016904
3.138477076122132
3.0570247475386125
4.424497690242542
4.24358423931622
3.1038062245475015
5.520806184878281
3.611558312278974
4.386441256645951
4.893304126537619
4.208061034022903
5.036464652188237
4.471035468255317
5.0017955656063835
8.152904737150397
