8.775363914470514
1.135589381041183
11.142232883757266
1.2129618354729639
0.6583565098077442
0.3142116094990511
0.9327932833741928
4.163443533098773
1.68977901371187
5.125779681621609
1.6733974091791686
1.9382707468083125
3.35307645934878
0.8026727504595049
2.0537599841929883
0.8619476989532044
1.131787628935014
0.7348115454109514
2.236338341988834
1.125717149750553
2.699946951520209
0.6894622256452655
1.6435051042808109
1.6464385769315513
2.48480423891458
1.019481713456758
2.461514657976647
0.5284597950448062
2.840767988658369
1.2339498497248804
