85.39642313815183
60.826571383213675
53.16924720572379
49.26147494638636
42.24902616196596
49.294408087429716
29.76327290011466
30.14277467161949
28.254813377801014
29.658356449037125
27.554527519623086
28.893765334136503
26.76713923982151
28.663248276218027
28.01875015516691
28.068254864019437
33.914334023978014
27.624913053473826
32.13930613833185
28.2453583870582
28.305433968418917
30.02787026040977
29.692001849844992
30.539950007741854
31.612727251600763
28.85450542572381
25.588528205646146
28.986894136804345
29.103402825380805
29.63308031544062
29.76894507557469
28.742259637914117
28.528827959735803
27.599968425746432
32.84563565771656
28.326835400815057
32.48081525698156
32.8553191997481
28.57700683370386
30.05859846504916
27.176087346572796
28.96174661520242
29.527084921363052
31.39198885135141
26.8890290565801
31.01945274758961
27.555280305977202
30.349525275025403
29.48579263478338
30.464202263038153
29.819921245465654
27.12019879246728
26.619235056768613
29.76646462314675
29.263504320534746
29.953849589299953
26.66701964257146
28.560621530749955
28.117060298832968
29.681469667100068
32.03875737042383
29.377683146248135
26.824847920003627
30.320157830775408
30.425323801748426
25.911078674469778
29.530621179065115
27.790267317162634
26.806414461498534
28.77905755386744
28.48856900548968
31.992996419998367
28.237053813187682
29.541127506193302
27.326053076533828
31.07883095804224
29.70513271096126
27.42188174079761
34.05981486867709
30.607237286123276
29.92695423588956
28.280506614636387
28.319231212204603
27.02192106412732
29.989864789912673
30.807804249822407
26.966477473102113
30.494831116106937
28.74040565730935
29.796455709981547
30.66801558123223
29.97564282521489
30.37344011754027
30.13424052804132
30.931754599334475
34.54255333885361
