0.9758945094366406
0.9752435465374373
0.9811763486430289
0.973712835985773
0.9662200445092792
0.9854800821095686
0.96265333685627
0.9851283622005638
0.9785023497417943
0.9731126932987622
0.9867176898111051
0.9838638429554891
0.9821837350378467
0.9743209992640711
0.9726688566814781
0.9863702033109195
0.9558553968786739
0.9787510940499317
0.9878538350307482
0.9868142862302093
0.9853112395837018
0.9744952437527402
0.9738864230259986
0.9867403930438257
0.9696476544747146
0.984173050163254
0.9850698903539676
0.9657876231826713
0.9798047585073074
0.9718699714426632
0.9803414632324262
0.9822231525800798
0.972229076960172
0.9818469766925636
0.9848246260645346
0.977937120988024
0.9612420800398735
0.9705074517541953
0.9767940557518726
0.9644358531802943
0.9767392568141604
0.9810317973529308
0.9830765265470107
0.9842365277824179
0.974467227996661
0.9806033852143468
0.9648806896982092
0.9809335309626508
0.9757202751449623
0.971385541611472
0.9896909078323002
0.9770729825644765
0.9791110326324047
0.9792658015477049
0.9713416563782674
0.9777140965302079
0.972376216422997
0.9694923191436436
0.9786927060891976
0.9674322881014117
0.9683991390513048
0.9773237841133244
0.9757892671788106
0.9753656854415493
0.9883627695487697
0.9767592752284935
0.9851523607988556
0.9577918955802172
0.967749056643683
0.9439542172686839
0.9833939767802371
0.98360048178327
0.9794436594675168
0.9758967841151139
0.9822204039940334
0.9727698413912834
0.9859001644404378
0.9874509528018662
0.9582425559551094
0.9790982108970915
0.9754990067363746
0.9842353703892553
0.9850910135340235
0.9834993759388996
0.9813969189265167
0.9863980145493859
0.9865227270284675
0.9572249171132249
0.9773884429977506
0.9786708404546625
0.971887559409457
0.9904627860982615
0.9824923373093043
0.9726036550861726
0.9776375985422775
0.9887571609377935
0.9818223701696074
0.9879283449906998
0.9843979039846535
0.9784011516299651
0.9779619663421846
0.9794921335250693
0.9770047234398666
0.9767188464884549
0.9648662766774362
0.9815934998497406
0.978668563739571
0.9821047124410501
0.9846144626732909
0.9853625161352885
0.976696629734735
0.9749879306394329
0.9665843050641881
0.9825378548656756
0.9783130838045557
0.9756819177027821
0.971716015314326
0.9579854784630939
0.9800566820051834
0.9824892445176853
0.9689205429279047
0.987562557431028
0.976385221327267
0.9805535013170575
0.963524396761292
0.9884440752172897
0.9890652409051744
0.9758479004070536
0.9770725344931115
0.9833448006455107
0.9783697970875587
0.9849374759018401
0.9762423337660155
0.9839407394529374
0.9879554616437429
0.9692484283263055
0.9800489467360736
0.9706673817886776
0.981378677015314
0.980004092233437
0.9817072831795107
0.9768230146799783
0.9886567096288583
0.9810206441552008
0.9878343301885519
0.9832493727120468
0.979880835778213
0.9686637303808339
0.9867025273436708
0.9746683631628775
0.9637763438671884
0.9842385693510346
0.9811830293487354
0.9772691304591031
0.9755994426029941
0.9799878642815383
0.971633891024262
0.9797055285572304
0.9875003452473864
0.9871490778677874
0.9896756018311976
0.9756714257027512
0.9742797011325948
0.9759367426741128
0.9785975456480387
0.9713345187637381
0.9866835530559738
0.9835416005324124
0.9845948315642363
0.9812547604630354
0.9505182166328279
0.9782195735750633
0.9621843147205826
0.9648875486882454
0.9790236697751504
0.9512525747539966
0.9654356913387033
0.9725274093116408
0.9887086469355372
0.9786505613298828
0.9805647975722294
0.9839974717828841
0.9603278704899644
0.9620278703036657
0.9782125884314842
0.9768025875606481
0.9752633523498221
0.9712602293566346
0.9849789617644177
0.9613980727363429
0.9724461916481493
0.9731767344180108
0.9804854158523636
0.9867751848299402
0.9782932869602434
0.9611597747707743
0.9822590240048992
0.9753257592845352
0.9732287687538714
0.983491669413923
0.9791355653880144
0.987108737904298
0.9744943234030609
0.9923710978437784
0.9795146673336912
0.9734723047715005
0.977217358100752
0.965604445584095
0.9844960071012425
0.9764197318109155
0.982356199931778
0.9736488793124913
0.9694067887796869
0.9716898575468088
0.9735967458488186
0.9827492300626405
0.9624541080695871
0.9856103831104229
0.9785907305578087
0.9736325093051246
0.9750199339511965
0.9638716716545205
0.9735143841767365
0.96881008681155
0.9759771885319393
0.9641633593780327
0.9825430604611849
0.9690015253522534
0.9714962374495255
0.9661133359425396
0.9825999640542061
0.9819430447970654
0.9790298697880584
0.9768256699285045
0.9815877578945671
0.9813189677137684
0.9807384787768998
0.9742511152892815
0.9863261400399096
0.9874878572422707
0.9809947646075
0.9743969040399016
0.9749860886797621
0.968190142639158
0.9724173560094379
0.9595886468633439
0.9861033813688113
0.9775421260319691
0.9774064870359601
0.9644115089949578
0.9838948911676785
0.9716623410323056
0.96572687021957
0.9850527689032359
0.9787361344246008
0.9849521811310621
