29.24797075956537
26.090614581005703
31.305827210579512
36.730204689191766
29.756301191079146
18.91784616320635
24.02686217367583
28.551234562160225
32.45258399346494
26.549674924329622
32.797999384232575
32.77834406384447
32.378893305184704
30.041109273463388
13.323266942305223
28.341020012132063
16.069158576104343
23.532648006643587
30.293304240716846
34.164166603916215
28.91713973520077
31.284457822518768
29.721649359819516
33.879239334077795
25.267861129506148
32.29295643935383
33.03472656590779
31.48113881844879
29.782575142608344
25.41139241458622
34.15386817088741
43.295529864335464
27.78562856711594
43.490995477191184
31.152130415936725
29.468905319845828
26.403245266098487
22.424036515130794
33.63923347236203
24.55629427827821
29.098112083157066
45.42874050148073
32.662472762261224
29.19758728016237
27.28502648020463
33.76388898746913
22.986046444095418
32.37760373605763
23.30459132932197
41.41948980043936
36.187470475058305
30.011137633544024
37.11869321215937
24.75452383259996
31.66739857352552
27.37512800449224
30.50541771319859
29.31070862523136
27.681209825219778
31.070316894324883
29.334713889950432
27.33326617140603
26.971795656638065
30.731227701109272
37.740798665373745
32.0674575354843
28.354307728618718
24.899887632532646
22.50790802944579
19.850877560894727
34.52892449856952
42.27840194696351
26.04989602169577
26.271811365996776
23.346059946645617
34.02552594005666
39.50004792996076
39.43147661939279
22.98533973359732
23.63217029537196
22.4688241590017
31.03131317550129
30.18830219521505
29.356749495208636
35.1798347443083
41.878849733479434
31.354917831882883
26.108140337487043
19.258534691158996
33.22627128938074
26.65584496986828
31.234362530190495
37.134548152294194
27.87962955847754
25.248566144695033
32.31974881373715
19.58520135402251
34.03971888864618
30.860372636057313
26.20324627169569
29.56082069574682
26.492924809161277
32.83694629847077
33.57006908161274
20.112156393901724
27.019546348347852
26.597487591283517
23.09662141556259
29.175040267997357
37.38062380372608
35.67704180553798
35.85444157438995
28.280228124922353
34.72164975149336
28.153098029102523
29.50974938981184
39.24477861724972
26.98200442497412
26.051349139383493
35.233809720723634
27.68108566070983
33.62141462363388
32.04965629036907
32.3816997818279
24.894903815319623
43.90054106969624
36.973434053591944
17.38003564009842
35.36441892672076
31.582848340874385
26.39657131590951
35.23006556351513
19.262026450247152
24.89773650623302
33.3072379132131
25.817171881337828
18.366900210729174
26.247652015920984
24.522814222834544
39.654939610902204
33.55650718531386
24.849704996828663
32.96067206216609
38.11039035028787
40.270958784867304
27.398601720293136
37.86131773108385
28.619466335560666
40.32151850270359
36.07118567323475
23.262345636958486
34.264362102510205
36.89356229588498
25.14736974397758
17.4499319945083
19.308700136680404
35.40312334896563
32.5850907408864
31.013397206595123
49.44087894294183
20.990958096070575
24.61987619638825
34.4751348495002
32.54443680474814
21.59564295124717
29.12286354045985
37.32658977852093
28.312250060940137
25.214797127903736
30.678704110137453
29.30120235777866
32.241408999148796
15.31934527088232
25.705296589246633
31.685560681554268
29.373097489756024
25.724204306880026
20.52951473094733
29.904414666268305
36.267630470132936
25.18561068680279
28.58412693646269
23.35925734953893
29.880303261539225
25.076869889269787
16.099813927543778
29.568036282270562
24.503704780178882
31.201333316758433
33.748740778096796
22.209941256813607
40.323109551971534
26.82878750969165
28.694927338518603
34.69404058243606
16.466396245480965
30.88618988036006
23.27891046256454
37.86439797343128
36.09413751742579
36.86249175437141
22.373715886596074
27.682257208126536
46.50020090339647
35.72972545405995
36.514356031207576
27.006214091664273
35.04538855468994
23.15638911135692
33.806025280468276
28.41868060436271
30.051172963615347
30.68410507359728
34.36876161766346
40.800427639440024
22.786829784934994
25.29355225504806
36.57701767170803
28.402738036287378
21.24106507616805
32.83964863029536
10.241155756345867
46.34128101201424
30.43341507338104
29.465798807688138
34.52616313372044
29.13046030509579
27.333057577355902
29.085780019330983
28.478441920447747
23.35316321895297
39.54983637057703
31.405093710543735
34.819633569623306
21.351559884607966
34.39666339155825
39.573592324739096
24.70434891750821
32.0903009183465
31.10203137890417
33.90165215661159
34.0501121451221
23.790327381231794
30.203058978545165
28.621793317644592
27.98160630545686
41.84485254828328
24.286133036356077
41.14919096617025
29.121706498299506
38.663824516449374
31.265601013477877
29.748956887191902
41.968879999560485
35.45730503444303
29.298083771786533
