103.39441663453603
89.5117494416472
109.95356742272403
133.62437655875038
101.7223410664213
58.8220474155285
82.88171582347708
98.74427296982148
114.99684271464612
92.18122310050812
119.70247390160831
119.18402145586492
112.53629204461508
105.84836111324978
36.931376488552246
99.00069125467674
51.40704118243501
78.16541257850552
102.73576384144067
122.35565369158986
100.31051872682822
112.08479068046502
101.42275863250443
118.37638276631034
89.91288962942029
115.56020470948107
114.5921837850982
111.71085868809882
103.32428492902793
87.49104494284197
121.2232661690602
154.66632144187489
97.15244101119839
161.89397721696145
111.27535440595823
103.4201142055152
91.16806567051367
74.73036688526466
120.96802379282009
85.88218799483766
97.26763749346955
164.36583289815945
114.99612919353964
99.28811691902018
93.12925099098791
119.19022062586481
76.69831502702434
116.40366955440925
77.27405923706183
153.82058275465118
127.54679902709597
102.4220970032414
132.97834991340073
83.35678284020878
113.45484000563067
92.23469056912953
107.83040687719367
103.28240599566374
97.26259621376495
114.44479524393707
105.31314062434397
93.90502016209405
94.426591969073
107.68082548588231
136.07408349709812
116.71503544863585
96.80655938124862
86.3541901059012
75.68626169260929
65.9012528713371
122.46026224042511
156.64818568749388
89.22673102456368
91.30535219792893
78.15527341516798
120.33154836722566
141.67079322314294
139.64173405852654
78.06124401233389
78.37044790287139
72.88512061975663
110.05730020878207
106.59523633911026
102.22379630284698
124.52772205543955
150.4461282849649
110.95645821917084
90.41416928970759
62.92713544248438
118.92614177530515
93.0848907214131
108.7458036127946
134.23198913814343
96.9191776452815
85.29627537222963
114.72043895023636
60.87196073696081
119.26311053177803
105.36995241321316
88.21854130167587
106.60281957928012
90.15066895452263
116.42710718824571
121.03475152283725
65.61466716468215
93.48691720985613
92.8784555967752
75.9859437949193
102.205773937215
134.81358091818967
125.61936967191583
129.1774443123812
94.75591386950182
119.93106433348905
97.98468831214501
106.23576012705445
141.65183361178757
94.96301119981116
90.52260760609279
123.15294419490546
95.73119570952464
118.18124978444592
117.36517341958417
112.84683827595012
84.38145021974208
161.2203005358129
132.57333488704438
54.11907722675041
130.33491101769152
114.28501514092123
89.83873174833366
123.35602247325664
61.615437572145254
83.63260772905394
117.15216527529113
86.24744781240096
56.319485861758174
89.7513972142118
81.84692567420602
147.82176608889353
121.07507612371515
85.29183477485527
115.93361618665362
140.96858849647901
146.36582157259014
93.86571069611679
137.13832417372268
102.81994879122263
143.4773850013567
128.40089794780985
77.81690473232852
122.15550451591132
135.95395513092836
84.67907520936564
54.92901212603595
60.78774675092386
126.51605948726619
117.81210498249924
106.56029264565127
188.3398534264766
66.95656472954087
82.55694457290699
123.52635936561522
114.30647897463844
70.78885065492288
102.87221774133629
136.6962519958164
98.63760167109335
87.06215652281479
108.02367267450173
104.592521583825
113.42674497551742
45.98029635912725
87.29096828950398
109.7545392301477
105.65940112183208
88.03224706004988
67.78575084077951
102.97598570223492
128.5542885902398
84.71597296689754
97.0093598938788
78.02747085080945
108.24818441234136
87.2432060731186
48.68251790152485
106.59118575724551
82.0389643780387
109.73343261453466
123.14340660196297
74.55113299549637
146.90413306546225
92.42579248384746
99.34963835856563
123.5525148818865
52.662412345908855
107.70661197982278
77.0326041042503
134.85808583054512
131.8939567551774
134.88483576516137
73.91287988996208
96.42825686856118
167.86313026245028
128.83656231750757
133.99788380925008
91.66591795973693
126.83537495599545
76.64249795292055
122.42993225077406
95.98080902499375
105.14550291709959
108.0768709298017
130.25286352988323
150.83892378615204
73.667009625301
87.95583753245496
132.81353929516345
97.06570317178792
70.71509197423825
119.60014142840986
26.245295239427694
170.98609114935786
106.87265475511265
102.54386079783414
129.04660063092868
101.51285444624568
94.96762673273764
103.56202346300324
99.66244016404916
77.94529003043053
144.3703700419469
111.71501641642173
122.77329385245159
71.46347709098913
123.61110172816925
142.6558782458916
83.12199505763292
113.18045425584661
108.45754567163749
119.85870471240563
122.37958777197015
80.05031980113883
107.69590169606273
99.52576499617103
97.58813665869836
147.3437117252936
79.08833663385157
151.67202383525043
105.540643745684
139.93435939412828
111.95801948947663
105.41880064775607
151.56192527595138
129.77730553254608
97.72128864337463
