25.344392721818803
22.189640394855957
27.381121816007393
32.83535334524868
25.891421013042027
14.975925834768072
20.176248826250752
24.61072111335797
28.538574594497767
22.657224151134574
28.851128624988153
28.84288869202251
28.45015836503331
26.143825276407103
9.43259151557931
24.395539198888386
12.245736988589648
19.617643630443858
26.34188890059385
30.21690945899538
24.975894776865967
27.386476847507804
25.82610366771551
29.932277761902494
21.38927051160729
28.356264238700817
29.094447004491926
27.61798832571811
25.863356108579115
21.52391252881557
30.232502317957707
39.366637254015146
23.896712259275247
39.563607570420935
27.212831911678588
25.55715683589373
22.558276945938992
18.542006708114013
29.732057249354533
20.698550865557028
25.191155055900424
41.504613312069004
28.730166656073177
25.260641169032702
23.387157568217983
29.841475446611742
19.12652368530258
28.453869612207022
19.401710228742125
37.53394763399346
32.22870684372911
26.102845703286118
33.202249081629745
20.83746062640914
27.782031948012445
23.464271618371406
26.615912847506603
25.432739348656785
23.766439000862988
27.200587741919232
25.46111733374521
23.423971034952736
23.068638587922823
26.829764959343077
33.78734758717866
28.160420434570327
24.413698285423298
21.068720050211777
18.636911802871058
16.075060691819992
30.59534859144858
38.344000019830425
22.132121383825705
22.36822422953632
19.417178330669483
30.134446574491534
35.55644727219901
35.48167280818532
19.152369509776886
19.715777451783595
18.566828132056205
27.094371693944264
26.247938141078954
25.422751991453037
31.254247068602233
37.93325767528189
27.40882692376902
22.279240669034145
15.348980919167996
29.311587927562094
22.768294732230455
27.27251138579745
33.204578803056975
23.98921493813285
21.338015750525923
28.36472016998598
15.65791187334408
30.088005508683377
26.9227810201187
22.28964166517583
25.64897283037808
22.574956275060998
28.928927404711306
29.663193695658922
16.25269128719198
23.093172348948887
22.682813336325232
19.16820256579839
25.236582417304195
33.43917373918493
31.77025528659905
31.95448985183222
24.413890904665596
30.791498332030656
24.2398456938843
25.607021719000706
35.35791455599241
23.150062511121742
22.13112241136276
31.303852742652897
23.80540348899821
29.671164393909763
28.14411540506
28.459485776559667
21.040806228274455
39.94676476882708
33.017173089971244
13.476644038470205
31.45612878874832
27.649469138292336
22.483092127559278
31.290315659907773
15.357057115183089
20.96197354842127
29.355416066638128
21.94017816803261
14.446704423784883
22.364982488766273
20.597299514773287
35.73492324196845
29.62967805259582
20.94241293810875
29.006045223650656
34.186307773667075
36.3196214641131
23.46560422944495
33.941794387971
24.744811414037333
36.37470839332891
32.17251222058324
19.407240261489733
30.327407825106064
32.96883017849004
21.238293222141166
13.547534224096324
15.38874867955425
31.51658778486858
28.666268626657473
27.063395825605582
45.49228263147067
17.03225568874578
20.717190493577245
30.578016044969825
28.640689834051688
17.68125276865501
25.237525465404897
33.37985556629704
24.378083658810485
21.27641780164679
26.753685068285304
25.49912949124734
28.32853070484855
11.47060801199999
21.845746394493652
27.76946600245367
25.56808719074004
21.862461541525217
16.639405093700763
25.949580078526154
32.35302822481341
21.263351496513874
24.648137049331158
19.51794586757907
26.032191780324563
21.16401953554385
12.192603577301181
25.666982872871277
20.61866386275234
27.261417469700767
29.903148487151427
18.320156490221013
36.430402614299496
22.906845846282195
24.74782659919885
30.78086743459509
12.621757146397869
26.957153784340466
19.3776074254264
33.9714828984158
32.160170839770096
32.94594949281936
18.42528093497888
23.784279914514293
42.53071651202136
31.81166678472519
32.62046681212158
23.097344659261264
31.182970772353563
19.218405082951946
29.900346353224617
24.4892558046356
26.156577446365382
26.806477918478528
30.48200218747622
36.90604065604475
18.855832864684434
21.44373582276971
32.634576139266336
24.48837511405614
17.34653503894755
28.939568894490566
6.3856690697277845
42.4472234753073
26.558174726134844
25.56189005356038
30.669509696208305
25.20028806325105
23.45705147594689
25.199795069532875
24.61398857667759
19.42276336273615
35.62206419138877
27.4889742313915
30.912330889909285
17.425208853029694
30.471387520703175
35.65063840963149
20.807344456351085
28.144996358186862
27.15207994993509
29.97767309818159
30.1525245289625
19.890383026512747
26.330298407988526
24.732123893606843
24.143251718003484
37.90043902280804
20.375964532228203
37.23956501802641
25.264060462319673
34.728244951778656
27.378951649348654
25.886049406313628
38.028668923947535
31.542360496744624
25.358275047262282
