119.31936612652876
105.24805781417577
125.71389171170668
149.4745815847522
116.90670114666209
74.30501835341329
98.69959376281642
114.55458319346579
130.7684336098499
108.0177117514654
136.0779232017887
135.44603329809615
128.07663656284296
121.62727332368188
52.16451774584633
115.01203351928987
67.45758931933533
93.76453029503948
118.1466432493016
138.33906287878622
116.13971442660566
128.03807974693717
116.72111705139578
133.98585417200547
106.21710579965372
131.6033954752377
130.11147650775146
127.33675633475791
118.98159183348568
103.29298973076155
136.94676704029317
170.10242190068234
112.96288841064491
177.96481825867156
127.38344777142915
119.24947572453215
106.70729879338968
90.37621990995085
136.86478405880447
101.88869237087485
112.3531101121914
179.90609173725136
130.73568220167218
114.76246545871295
108.65082992487598
134.85678296314208
92.17519400819191
132.455512646293
92.81864070981426
169.74420385064212
143.21381389459344
117.75741560214296
148.6641029093929
99.02634032150766
129.32170135276618
107.60770680849727
123.58815655954889
119.03084708064026
113.28353960982932
130.72644197519662
121.33524262003863
109.57710403123991
110.40333973050056
123.33928277287019
151.99608597829177
132.90832967845148
112.43208393722198
102.0569652599133
91.40674352536142
81.38057621917214
138.20470573610362
172.72154588288393
105.02143130501479
107.23949138896899
93.96925069256855
135.86923556917205
157.38364071500268
155.18658890146807
93.68366732559122
93.93815564689717
88.20262391428611
126.0491510416608
122.59740898045077
118.04223167974953
140.1686200720062
166.0946405753957
126.93102992167175
105.95270527302633
78.95536695996084
134.80921810824248
108.9785794363725
124.54320050069744
150.11918367624975
112.63689857426554
100.92825292711584
130.71645863076884
76.13975717139556
134.9269480529588
120.78083589081794
103.70791052550264
122.86132688759594
105.79665648106796
132.15528570907543
136.97597809544368
81.19593391833233
109.38185773471001
108.9077238173409
91.55884964753703
118.15615604890642
150.7039555235992
141.06677654745508
144.94317234614576
109.76205599013716
135.2387715988292
113.8032217795372
122.42699256428337
157.22349354113558
110.68187773450704
106.5574538841712
138.61384533022394
111.31688778399466
133.9152298504899
133.65186343291336
128.39910274802014
99.83781344817481
177.17726243664063
148.45884719911874
69.7941927029581
146.52846906117728
130.54305971579936
105.47634978637575
138.88772509110848
77.28291816306529
99.33523796112011
132.9231727465362
101.48801743751459
71.60210013291595
105.33267545389806
97.44563609317372
164.03738068052118
137.12118824564575
101.20500149897292
131.73977612754973
157.14969777660892
162.28946587141843
109.59825271952931
152.97475452534783
118.91996321237464
159.04528969674809
143.96055237247967
93.27465986360403
138.01312870805396
152.13841940522803
100.26493144223195
70.75143788306507
76.27211272593578
142.1176584923067
133.91760822542724
122.11315621906625
204.68719867989637
82.51886715294643
98.10894750266387
139.26959454578343
129.8865356567123
86.4605446047906
118.70948138287868
152.85880768342676
114.55586431684547
103.17782977878277
123.87176878298288
120.18789273139508
129.09381408799592
61.40808184239817
102.71291211225429
125.23230056154465
121.38349915299166
103.58209228476827
83.63331276554679
118.6699965004694
144.1089038572844
100.34276649416243
112.50050467026551
93.38399564706762
124.2495678061364
103.3729213746035
64.28319224599588
122.79168390966817
97.49703360859421
125.59249389007387
138.97984386918705
90.3800295233667
162.60131720067574
108.25025687098045
115.19519269217082
139.25975200284645
68.70359957592144
123.40497426369748
92.54161539509899
150.3119615676547
148.0277774815706
150.91964938714858
89.75199785847974
112.2317689819081
183.5301617660419
144.7046151715561
149.99314586820043
107.17896112516883
142.54559099781244
92.34707549371734
138.42212179958003
111.38141467383062
120.80119048400762
123.71047303270151
146.86140330099008
166.7556986809938
89.02484558191352
103.74664149711198
148.8581666607328
112.5812442293839
86.5915796508913
135.7182145650532
42.091463475998715
186.67215074050043
122.46699540521651
118.20474796274723
145.27405326555802
117.34453866087408
110.65992723477957
119.53201303781643
115.30967461938583
93.71833689337834
160.28898497406394
127.63010106889169
138.29177486818094
87.56605005656878
139.53448804110724
158.353561682793
98.68990119959149
129.04584491405657
124.23541750680009
135.54781592933173
138.1986667121958
95.74593473151857
123.53622508459351
115.17837642068531
113.10294288281693
162.67821824837694
94.26546959658407
167.59543431834132
121.6559648195679
155.79242552996428
127.85130754633666
121.15017267967805
167.2654982252918
145.88488104086275
112.90383496607829
