0.711626361118017
0.6824730403428604
0.7006252370703976
0.7152095325056197
0.7084659178302211
0.6830135450969023
0.6744979345021967
0.6722844049173182
0.708712749257472
0.7013797175484043
0.7162901552894992
0.6191276829080978
0.6492810041470463
0.6767127477057933
0.6572307334287548
0.7333223164579707
0.686832870066187
0.7629564316747461
0.7493988514215877
0.6623276779362453
0.766729331045715
0.7016489366066866
0.7044488289459988
0.6755956810674875
0.7027198171157988
0.6385906401194967
0.7047616341967193
0.7220148922029508
0.7252741447909992
0.6098242089227541
0.7072078650381206
0.6444103113896862
0.6627723063620241
0.7277593764890848
0.7178385250417159
0.6839289549186932
0.6947314366304729
0.7147153956556537
0.7486620160641738
0.6659326052011362
0.7634762368923489
0.7684646344202378
0.673908995828351
0.6914883967868909
0.793866604883351
0.6799354087813415
0.650035191724355
0.6401750309119274
0.7287291839968162
0.7791778089571182
0.6966544761343069
0.7396575021978878
0.7230201207320778
0.6711094106541341
0.7359938607409221
0.6429488495312892
0.7385090026660929
0.7298760671940102
0.7010285121628247
0.704800101218847
0.6667233711966009
0.6959606504572238
0.6734850713380199
0.7002380818373837
0.6907577153607628
0.6707219896105424
0.6825990826822549
0.6458677396582138
0.7141017671836604
0.6706090212051921
0.6905490203118696
0.7825918876915842
0.69786896866592
0.6991900090850703
0.6881331303851982
0.7539920266451178
0.650189393802987
0.6595994425856223
0.719048600203505
0.6973392221057684
0.7886816945503076
0.6652121778134196
0.6640521340423051
0.6310228328103624
0.6914634530107381
0.746610417966525
0.6754442813156908
0.6300431216595513
0.8092705974947837
0.7561732569998214
0.7144593945709082
0.7033973302310934
0.6368254473146306
0.7195676902217263
0.6452837294211571
0.74292709057695
0.7877934037994648
0.7331191390232686
0.6886382308812381
0.6586480272700781
