33.56309861630879
103.7260798606798
170.96110702169725
238.94447838769133
307.00181666264507
363.0519050570933
420.70335994958634
487.4637085424731
577.4638999170479
650.4927650807679
709.6387316643913
767.4966027335616
832.7742261396912
880.0382007157981
945.7790087063396
1009.0337978357104
1072.99421829905
1144.486291746856
1217.4457759627717
1276.6412416017563
1338.960568463445
1398.1501797222988
1475.7561835701495
1550.4702190740143
1631.7694894279196
1711.8792928691205
1775.5963102213111
1846.7554811867471
1909.9314274076075
1977.954137299817
2031.1524087724622
2090.772777176258
2160.981403729739
2235.3449539411386
2309.2601258885707
2372.8671415167983
2446.9358736837366
2506.436383199105
2558.064308486679
2628.166697533196
2711.2208406348054
2796.5156780066764
2871.1561458088063
2955.1564458601647
3015.8506016358524
3075.5969564408683
3146.2181347857977
3209.4174403130955
3282.4327013424454
3359.7664594961407
