0.7111082810711492
0.6334104981435483
0.717463369806496
0.6087092029153438
0.6608963084788049
0.6616866743411534
0.6625825610252404
0.6363483703594626
0.702270158421973
0.6178297960708414
0.6493177430010634
0.542109225179599
0.5324173100119873
0.5701003871807058
0.7636271104924444
0.6728846567233503
0.7296542202893912
0.6940635837594205
0.7201882130506465
0.6418103478196845
0.6390482725155722
0.666615417332974
0.6398642076818687
0.6024834017257243
0.6395352667279167
0.5709972772194232
0.767675524857288
0.7215206392478744
0.6393426404906492
0.5891986748318601
0.6783498890806966
0.5810513573840309
0.6860736094223044
0.6721630345833263
0.6395592361906223
0.6233220322586516
0.563988572894714
0.7293656634143485
0.6803919632264703
0.6436450027470066
0.6403839143673931
0.7665974335887649
0.6200398774669158
0.6251057341548287
0.9812601571460443
0.59464250404387
0.5880413874640725
0.6532470717858443
0.6733319213457976
0.7495078284867905
0.6911991821116603
0.6423319235410895
0.6308376716947931
0.5854592539962925
0.7606160268787691
0.5615323705196478
0.683152897488043
0.6899076291302718
0.6458851830806343
0.6324111767199783
0.5795103425766138
0.6102393898091416
0.6230672184880424
0.6403527784048171
0.642418714811994
0.6250306259513811
0.6623701044710191
0.6403962603372548
0.7268539152294224
0.7066884305006377
0.5971679763127172
0.6871195111930005
0.6236367846099788
0.647315777383517
0.6020583855382895
0.7094052483321207
0.6290036118179886
0.6529958689757679
0.5920049625397035
0.6137948344676176
0.8196873990448701
0.6448192166563104
0.5817032944107904
0.6145249619825358
0.7280492402371911
0.6937488076356031
0.5969022553674221
0.6131178607311071
0.8741261699349532
0.6311823897784644
0.6556579619392375
0.6113047069677782
0.5721845265359046
0.6961229362751993
0.6510534523951915
0.6881064990996781
0.8518155725949168
0.6001966134041331
0.5789835465662648
0.61209754406329
