2.33484528390437
1.836755425516898
2.582803395383665
2.4156402062126547
2.3299107769980636
2.4929892840448633
1.7574922300191866
1.9008158081822262
2.0038998996259973
2.2216069921838146
2.3592773042570396
2.5067366797969606
2.343087037479102
2.017647771591043
2.5704937901071347
2.067478812746536
1.9346260161338047
2.3863030590151997
1.9139104316169075
1.564550797411951
2.085297669370425
2.413874819965416
2.6189614524872367
1.8234344611388478
2.4041512847907893
1.779742389165918
2.2192016931034013
2.2158371204461496
2.0746012745814792
1.835874892449423
