138.05205335640954
412.52457450623126
674.1838484278455
937.4959566557103
1211.6857908501108
1386.8369568565258
1620.7268009213196
1902.8422703163235
2293.9599967246127
2526.79037925244
2880.6088256463204
3046.153511908193
3409.7887262040517
3539.4290313396523
3692.205597560179
4048.948437464645
4106.064392182924
4492.4727001947995
4907.742105448192
5096.588893690354
5116.238832342474
5424.874426284627
5930.1968141571915
5966.533383682568
6711.8863961064835
6683.582747563367
6849.568425962857
7158.84580242761
7804.185833204643
7815.491073237112
8126.4573788874
8039.577616158086
8459.537346041483
8681.306316228141
9352.782514842258
9229.264882510823
9662.513420652667
9680.761775392488
9918.634640051063
10670.283448150903
10860.378284434106
11176.753300669603
11478.944719913983
11449.452625828884
11853.733652916735
12143.004558445282
12367.96360751181
12966.068664388267
12564.363722510203
12866.496994863108
