0.49528717501771835
0.5037577533855092
0.4909317333708582
0.5021967881814061
0.5056427342519498
0.5057717523412885
0.5021453216352962
0.49692978883584693
0.520956116674354
0.49051604819693384
0.5206125582455663
0.5023761149405522
0.5152569118798781
0.48677658165549964
0.5342411258541743
0.4984952380913263
0.4983279670114922
0.4864713530125687
0.5271875855144481
0.5060043596237539
0.5109380699353433
0.49412912538114967
0.5119457826998021
0.5246302161525767
0.4869928926727266
0.5006950976947341
0.526906888395441
0.4855496145689964
0.5161457204583829
0.5096076558241156
0.4939775273429234
0.4639861967913601
0.5137165717385092
0.5212243919382963
0.5121870562785056
0.49404866889578664
0.4892062012362978
0.5052970964003934
0.4734539713237019
0.5015906898393849
0.5088652815668235
0.5325443215305237
0.5006249015298703
0.4934377130424291
0.5047863307587396
0.5212632102178003
0.5142054154088711
0.5066521907477608
0.4968672553586285
0.5115877842148
0.4951088951022456
0.5139937451144375
0.5077283445908007
0.5049237698991731
0.4991040765545947
0.48570432444423706
0.5152633998462761
0.4868489052442027
0.5007557258500874
0.5241514363746245
0.511788560445753
0.4936040235061936
0.5170564735672951
0.5155217076445417
0.49230200194217816
0.5311971269426061
0.5012281366210297
0.48666080429169406
0.4929957657330996
0.4954985050387841
0.48641457670170546
0.5036598823248832
0.5103460506176526
0.5007127339115713
0.5061399214883311
0.5152328699011764
0.4936266190430213
0.5095615845383952
0.5135200822848898
0.5085355839934297
0.5115481765527419
0.4953004391120104
0.5245410865241403
0.5058056909448565
0.4940692625070805
0.49607887185885147
0.5022128440135182
0.4987503170851426
0.5300879072883359
0.5206002329946647
0.5190709767355359
0.47758172065996796
0.520692994310568
0.48825602460286943
0.5413266016453031
0.5272454881754284
0.4912150741088556
0.5156337459090912
0.503068041969077
0.47698072661262625
