0.10405523231075609
0.10176710659348628
0.16026804854547375
0.10641576976685349
0.1413636547295385
0.1362069659198202
0.15670385875741474
0.12777629185800254
0.13024680944846698
0.107714938062274
0.13777550170387207
0.10696048210587775
0.15797437668996073
0.12292926271922335
0.11533177620716348
0.1321418079192139
0.12804756242706844
0.12071489964993602
0.14457398943442587
0.12911593893510803
0.10043655158391203
0.09505824773819894
0.10920121147383158
0.14147696612654817
0.14176509888206296
0.14086949941914478
0.14619251134213745
0.10738694451393926
0.10090899861373648
0.11433127888868215
0.11954037281438715
0.12999351215458796
0.1380769832746724
0.1181663649725338
0.10983230108787226
0.10492351834934249
0.11097323879022675
0.10358654639020944
0.12410846492148286
0.1387909556606381
0.11311829441998214
0.12744891274600198
0.10989169829133714
0.10926500369887145
0.12078387578119316
0.12314432838443254
0.11240141042424828
0.11290513650806817
0.13168286199116946
0.1291649737669212
0.12855718746995837
0.11490789421555456
0.1229787462393188
0.14579558604993995
0.10600882234656785
0.12734701780028077
0.1474016348926125
0.1039254493516699
0.12803025308733515
0.12423718737856965
0.11535165754693094
0.11711875506215348
0.10960655941680646
0.14844674729859145
0.15408486067371815
0.15463778461236757
0.10016294955493513
0.15151768727157186
0.10721335877279708
0.10246830189081763
0.12881102186750487
0.14428879250277327
0.14219133650371074
0.11829824445456477
0.1386573765357243
0.1028529753735737
0.10253533521935583
0.12045941659773715
0.1337683540446477
0.1315697060211462
0.12187006968020611
0.10680598385475217
0.1158524855458258
0.10184097345456739
0.13348865679458694
0.12101881424353991
0.14404434258630716
0.11434716992726708
0.12111442698454816
0.11159733308025781
0.1262501431224922
0.12036948224387928
0.15418031334613305
0.1254071289190693
0.12257077061811601
0.13975280990400982
0.12797821510724783
0.12830478884097687
0.14608766095900516
0.15096993257810684
