0.4792297658337208
0.37827219602410816
0.495049266312164
0.43187532301087594
0.6494219478455444
0.5232432758233168
0.5520709750356688
0.45937352447778756
0.5509439038518757
0.37036383383557825
0.6385130762091661
0.46358478613269327
0.601587172818542
0.4592811130417286
0.5126647693715043
0.45426316626702956
0.5160110097668421
0.5092407263946866
0.5708515646314842
0.4461662566476639
0.6868743518210866
0.40724123367518045
0.43745753086876266
0.7046451584545079
0.4733193073931874
0.5487479997811489
0.5901091643795885
0.45569390503962354
0.42836753863582255
0.4855470292509128
0.4846429884361834
0.468147782179611
0.5153614053302035
0.5441299307390308
0.4576470890926777
0.37471041213961626
0.4017699088413809
0.4233431539194842
0.4033331667455685
0.45963394526861556
0.46141821567748237
0.527314247255191
0.3584939005693514
0.4442802816887461
0.6247074206311557
0.45497863923825604
0.44545773619175955
0.4548625266400513
0.46358926243865783
0.48695990958850655
0.46133385538098814
0.46799607394442044
0.4984357934907944
0.46051483626056544
0.43051354578780787
0.3872324728741048
0.5444571239244412
0.4018393210418937
0.5234255707865177
0.5471213093544903
0.6159553581524518
0.5681067690626156
0.4731040788754015
0.6261752578174142
0.5200968841233667
0.6827057161758726
0.514314202307522
0.7329562104526547
0.5255766720784721
0.5664170571549533
0.5562887749746901
0.5501881421571465
0.5243402323908735
0.46320564233124273
0.5532699220659247
0.40935813955000105
0.39711855715407474
0.5127730165462783
0.8653545620061552
0.5483195759109423
0.569672899256364
0.323079845484484
0.4854179582723416
0.4929698377219251
0.6548536851663977
0.4200369955526523
0.47576000508753086
0.6114795232755634
0.6246146765308577
0.48096755918773065
0.41942177083566384
0.4520609795055293
0.5003748760683752
0.580333803821893
0.5555025538583883
0.5655649768928614
0.5801318423183607
0.46581807249226076
0.5329762929184099
0.46575782889074824
