0.32452096437235284
0.3300777366117497
0.2960673776268552
0.26625830048715465
0.30125455266459494
0.28421003247992416
0.2793736417319754
0.3380366709299394
0.34295096906723577
0.3416904576503656
0.4245087417372724
0.3184482764543898
0.3697324059953536
0.32408057817937475
0.32139780078340946
0.3210320092123595
0.27082514203614194
0.32274174677896894
0.2522561686545949
0.4634291419367103
0.3553424656360182
0.32513526764399814
0.314247355533653
0.27046243227847194
0.33395703603163684
0.37177348562030416
0.25245146597570906
0.3959818405715323
0.37997320376633736
0.3492032673879648
0.3148681948251415
0.3311064987889622
0.45510350635667435
0.3519730330485354
0.37191682302632745
0.3129842384172942
0.2851822465941958
0.3055710699696463
0.31486264077502063
0.3343045771617175
0.3661880803601384
0.35209755313338015
0.25374244720833017
0.3118951037276506
0.32855202665064276
0.3335971519536179
0.2523959055504676
0.39022817274453775
0.3176647646004395
0.2919349564639604
0.34233497043825317
0.35522096695299854
0.29480637371239027
0.2807984786974938
0.35319024048626924
0.2916932725548563
0.2933356207112246
0.43245650650561696
0.3494483339909818
0.3148965810053564
0.44464526146059463
0.2890998786480636
0.32398712075538044
0.36350952065683706
