0.5038810250140235
0.5064495945853149
0.5113497206890925
0.5080247792040515
0.500577731647603
0.4975286858459115
0.5107439363828079
0.5103991387559537
0.505253839826959
0.5091624674957679
0.5056437638285102
0.5109037810512109
0.5065168144192562
0.5215322477989571
0.5047892131174111
0.507574176883412
0.5072661069576103
0.5056722260721969
0.5091924899709377
0.5096207241679349
0.4955720634070629
0.5009843784229205
0.5144942350676092
0.5203807762028155
0.49832636056075447
0.5117674341098862
0.5230112416841731
0.5107851834780546
0.5013451030641606
0.5171219451364514
0.5131507461082786
0.5097407345450482
0.5106241669413262
0.5087851432687539
0.4981084658680353
0.5056431579512863
0.5009060045031078
0.5119372805857713
0.5031757483146027
0.5028213461847921
0.5043413263037597
0.5068172881362313
0.5172985080882823
0.5055758151997555
0.5082011495587518
0.5048871578419667
0.5142545178349198
0.5130559315139642
0.5060938193571954
0.5126156314727299
