0.7779740264233377
0.8025665302744688
0.8106604837256597
0.7864874204896608
0.7854953497697575
0.764616467132163
0.81399848769413
0.8088816348950436
0.7901557598827594
0.8010393666176596
0.7896145094818108
0.7768019823709837
0.7966211097150748
0.8335561815633967
0.8174247548748692
0.7940978756429866
0.7850057204089345
0.7905402702841443
0.7977152975207691
0.8015894747526323
0.766898798825741
0.7916701890789688
0.8278683337278802
0.8433283266183572
0.7805983343883153
0.8216838713483149
0.8346069472590274
0.8035581969893855
0.7731964327688077
0.8177720191290018
0.8150059757669927
0.8133126820402465
0.802542078708072
0.784654829760543
0.7748983266034751
0.7827785338681887
0.7697918231577019
0.7955328404665996
0.8072473970309555
0.7741374158360534
0.7780972083734476
0.8055348471631569
0.8041308365545549
0.7885409453150632
0.8080795230576705
0.7792465221007587
0.8230491400983815
0.8225041141579994
0.7800424506506044
0.81706187035835
